Global rows 504 Global columns 504
Global rows 504 Global columns 504
Global rows 504 Global columns 504
Global rows 504 Global columns 504
Global rows 504 Global columns 504
Global rows 504 Global columns 504
Global rows 504 Global columns 504
Global rows 504 Global columns 504
Global rows 504 Global columns 504
Global rows 504 Global columns 504
Global rows 504 Global columns 504
Global rows 504 Global columns 504
0.000000	Server.Type = 1 REMOTE 1
Establishing connection with the TCP Server.
Successfully connected to Server type 1: 192.168.1.53 on port 3333.
Effective Mass matrix sent.
istep: 1
istep: 1
istep: 1
Starting stepping process
istep: 1
Vector Object: 4 MPI processes
  type: mpi
Process [0]
2.59899e-40
5.2828e-40
2.89204e-40
5.29953e-40
2.73364e-40
5.52648e-40
2.4676e-40
8.13618e-40
-5.84426e-41
-4.6603e-41
-4.99157e-41
-4.26009e-41
-4.74045e-41
-7.32234e-41
-5.28051e-41
-5.54045e-41
-1.61135e-41
-1.62551e-41
-2.66443e-41
-1.92216e-41
-1.52181e-41
-8.36155e-42
-2.59815e-41
-1.1855e-41
-3.79822e-41
-7.3358e-42
-4.57958e-41
-5.47137e-41
-2.22554e-41
-3.14031e-42
3.66682e-40
5.0384e-40
1.24211e-40
-4.62625e-41
4.9799e-39
6.71433e-39
1.788e-39
5.56551e-39
-7.32557e-41
-5.02141e-41
-7.37644e-41
4.95829e-39
4.43106e-39
1.81451e-39
5.53643e-39
5.51695e-40
5.48378e-39
7.72445e-40
4.90432e-39
4.74926e-39
2.23593e-40
8.07806e-39
-4.53979e-41
5.66893e-39
4.30585e-39
-4.45445e-41
5.56025e-39
5.58632e-39
5.15251e-39
5.18139e-39
6.25114e-39
2.32771e-40
5.28273e-40
4.32352e-39
4.94635e-39
8.05059e-39
5.64773e-39
5.17637e-39
4.91549e-39
5.21308e-39
5.55417e-39
5.61607e-39
4.4328e-39
4.8561e-39
4.90408e-39
8.13081e-40
2.28398e-40
5.37911e-39
7.8217e-39
1.95702e-39
5.65033e-39
2.84703e-40
1.85485e-39
6.23936e-39
5.83552e-39
5.52337e-40
5.36603e-39
5.56158e-39
-4.74031e-41
-1.75176e-41
7.38639e-39
2.08762e-39
1.0101e-39
5.53801e-39
2.09174e-39
3.74468e-39
-1.7519e-41
-5.83403e-41
1.01475e-39
2.93995e-40
8.14203e-40
5.42386e-39
7.74235e-39
4.08208e-39
5.38725e-39
2.64021e-40
8.13122e-40
5.41116e-39
6.46522e-39
4.06951e-39
5.56479e-39
5.38615e-39
1.2715e-40
2.81539e-40
1.19412e-39
7.86516e-39
9.29675e-39
2.63011e-40
1.2713e-40
3.87015e-39
1.07317e-39
5.51084e-39
9.39217e-39
-7.34967e-41
5.57685e-39
-4.42348e-41
Process [1]
1.80126e-39
5.60415e-39
4.64694e-39
5.1828e-39
5.57518e-39
4.97259e-39
-5.50444e-41
-4.49144e-41
5.56368e-39
-1.19615e-41
1.0372e-39
7.32313e-39
9.04482e-39
5.58906e-39
-4.85816e-41
-1.20049e-41
5.56622e-39
-5.77223e-41
3.83169e-39
1.02213e-39
8.99385e-39
4.89001e-39
5.51799e-40
2.59508e-40
5.60258e-39
9.16546e-40
6.99786e-39
4.98103e-39
6.81304e-39
4.44436e-39
5.42188e-39
4.13054e-40
1.32664e-40
5.72345e-39
4.39854e-39
2.37433e-40
2.45287e-39
-4.58687e-41
4.62918e-39
4.29819e-39
8.06214e-39
-5.2424e-41
5.56493e-39
5.56534e-39
2.35788e-39
7.07306e-39
5.65257e-40
-1.74868e-41
-4.55408e-41
5.58981e-39
-4.53334e-41
-4.32202e-41
4.70763e-39
6.92634e-39
8.09393e-39
4.06564e-39
-5.02267e-41
-1.74658e-41
5.67197e-40
5.54455e-39
2.36785e-39
5.56369e-39
4.12756e-39
5.96023e-40
-1.19573e-41
8.82419e-39
-5.12735e-41
5.58451e-39
-4.49298e-41
6.07042e-40
-1.19293e-41
8.87243e-39
7.0384e-39
2.72879e-40
8.60892e-40
7.45207e-39
2.48446e-39
1.33224e-40
5.63772e-39
4.61223e-39
5.37887e-39
5.2895e-40
7.94838e-39
7.55082e-39
2.44664e-40
1.32994e-40
4.27624e-39
2.74426e-40
7.43354e-40
5.76717e-39
2.37542e-39
5.58925e-39
4.42122e-39
4.88286e-39
5.38727e-39
2.55525e-40
8.1283e-40
5.7792e-39
2.3537e-40
6.28374e-40
4.64973e-39
5.51757e-40
5.27066e-39
2.534e-40
5.60618e-39
1.32863e-40
7.00822e-39
4.25954e-40
2.6654e-39
2.4553e-40
1.26827e-40
6.52829e-40
7.35632e-39
8.93874e-39
5.42587e-39
5.20633e-39
5.79985e-39
6.43695e-39
5.45576e-39
5.33668e-39
6.37248e-39
8.25452e-39
5.25431e-39
6.38493e-40
9.14571e-39
4.05723e-39
Process [2]
1.26787e-40
5.53787e-39
2.46278e-40
5.49644e-39
8.1528e-39
4.95952e-39
4.1254e-39
2.53939e-40
5.27782e-40
5.61904e-39
-1.69697e-41
5.58126e-39
8.16592e-39
2.85204e-39
2.55769e-40
7.4077e-39
6.32028e-40
4.75332e-39
5.57301e-39
9.16279e-39
2.15653e-39
5.22763e-40
4.40017e-39
5.5808e-39
7.85795e-39
5.69341e-39
1.24196e-39
5.58434e-39
5.58297e-39
-1.86527e-41
-5.88685e-42
4.5806e-39
5.582e-39
2.20376e-39
5.58016e-39
-2.14945e-41
4.55263e-39
5.58102e-39
-1.77376e-41
5.22349e-39
5.59899e-39
3.2307e-39
6.495e-39
5.19976e-39
-2.89032e-41
5.18699e-39
-4.29078e-42
4.64857e-39
3.14977e-39
5.54503e-39
5.57797e-39
5.21706e-39
5.29045e-39
6.76124e-39
5.27897e-39
4.38014e-39
5.16112e-39
5.5795e-39
2.7246e-40
1.43493e-42
-2.22722e-41
7.62919e-39
5.74537e-39
5.58105e-39
7.06263e-39
4.83448e-43
-2.93698e-41
1.19742e-39
8.08965e-39
5.58363e-39
8.9543e-43
8.53862e-40
4.62762e-39
8.09273e-39
-1.92132e-41
5.57609e-39
2.59108e-39
1.58616e-39
1.20512e-43
-3.3229e-41
5.58106e-39
6.58311e-39
-2.36735e-41
2.77457e-43
1.40836e-39
4.81719e-39
2.38032e-39
5.56426e-39
7.95365e-39
4.88495e-39
8.93856e-39
5.58475e-39
4.76574e-39
2.48365e-39
8.3915e-39
5.57568e-39
-2.22652e-41
5.58126e-39
8.16665e-39
5.61904e-39
2.85206e-39
-9.99686e-42
-2.53271e-41
-9.46157e-42
3.61721e-39
9.11345e-39
8.55754e-39
5.57789e-39
-1.81426e-41
-8.75111e-42
3.54249e-39
2.3503e-39
8.80079e-39
5.58161e-39
2.24052e-39
6.71031e-39
4.90327e-39
5.59905e-39
-6.79069e-42
-2.8679e-41
-2.51827e-41
5.24732e-39
6.96251e-39
4.93795e-39
-1.87298e-41
5.57914e-39
Process [3]
2.71852e-43
2.58925e-39
-2.03623e-41
5.56625e-39
4.96763e-39
1.23112e-39
5.19967e-39
-1.79282e-41
-1.67343e-41
4.92906e-39
4.20338e-39
5.57969e-39
2.1669e-39
4.89319e-39
5.55113e-39
4.45886e-39
-2.09032e-41
-4.81907e-42
6.48782e-40
1.4041e-42
6.76853e-39
-2.68727e-41
5.58303e-39
7.36048e-39
5.57983e-39
-2.52654e-41
-1.09371e-41
3.9081e-39
9.20013e-39
8.22998e-39
1.32703e-42
-1.94738e-41
4.75255e-39
6.32082e-40
5.57306e-39
7.40781e-39
-2.2247e-41
4.77843e-43
4.79845e-40
7.66532e-39
5.58183e-39
5.7379e-39
5.57929e-39
8.73258e-39
9.4278e-39
4.57923e-39
-9.5022e-42
-2.64131e-41
-1.95257e-41
7.337e-39
4.87738e-39
4.40142e-40
1.20512e-42
5.57468e-39
5.58244e-39
2.72374e-39
6.42222e-39
1.34644e-39
1.49939e-43
-2.80624e-41
-2.96893e-41
1.41811e-42
9.74764e-40
6.94119e-39
7.44313e-39
5.58383e-39
-2.66597e-41
7.80915e-39
8.51191e-40
6.84458e-39
5.58292e-39
4.68034e-43
5.57982e-39
8.44251e-39
2.17237e-39
-1.80838e-41
-9.00054e-42
3.85489e-39
-1.571e-41
4.40026e-39
2.15538e-39
9.16284e-39
-8.84219e-42
5.5808e-39
-1.94248e-41
5.5768e-39
7.81908e-39
4.80091e-39
6.41819e-40
8.68805e-43
-2.2268e-41
2.59277e-39
5.62338e-39
8.17033e-39
5.58125e-39
-9.10844e-42
-5.86247e-41
-5.56203e-41
5.31726e-39
5.34321e-39
5.60427e-39
5.55532e-39
6.86199e-39
5.58842e-39
6.08747e-39
5.02223e-39
4.93986e-39
4.98281e-39
6.80464e-39
5.56559e-39
5.32951e-39
5.58408e-39
-5.45694e-41
5.54607e-39
5.84345e-39
-5.02814e-41
5.5632e-39
6.19853e-39
5.25092e-39
3.8529e-39
5.53676e-39
3.88659e-39
5.23829e-39
-5.91502e-41
4.86565e-39
-7.39549e-41
istep: 2
istep: 2
istep: 2
istep: 2
Vector Object: 4 MPI processes
  type: mpi
Process [0]
2.59899e-40
5.2828e-40
2.89204e-40
5.29953e-40
2.73364e-40
5.52648e-40
2.4676e-40
8.13618e-40
-5.84426e-41
-4.6603e-41
-4.99157e-41
-4.26009e-41
-4.74045e-41
-7.32234e-41
-5.28051e-41
-5.54045e-41
-1.61135e-41
-1.62551e-41
-2.66443e-41
-1.92216e-41
-1.52181e-41
-8.36155e-42
-2.59815e-41
-1.1855e-41
-3.79822e-41
-7.3358e-42
-4.57958e-41
-5.47137e-41
-2.22554e-41
-3.14031e-42
3.66682e-40
5.0384e-40
1.24211e-40
-4.62625e-41
4.9799e-39
6.71433e-39
1.788e-39
5.56551e-39
-7.32557e-41
-5.02141e-41
-7.37644e-41
4.95829e-39
4.43106e-39
1.81451e-39
5.53643e-39
5.51695e-40
5.48378e-39
7.72445e-40
4.90432e-39
4.74926e-39
2.23593e-40
8.07806e-39
-4.53979e-41
5.66893e-39
4.30585e-39
-4.45445e-41
5.56025e-39
5.58632e-39
5.15251e-39
5.18139e-39
6.25114e-39
2.32771e-40
5.28273e-40
4.32352e-39
4.94635e-39
8.05059e-39
5.64773e-39
5.17637e-39
4.91549e-39
5.21308e-39
5.55417e-39
5.61607e-39
4.4328e-39
4.8561e-39
4.90408e-39
8.13081e-40
2.28398e-40
5.37911e-39
7.8217e-39
1.95702e-39
5.65033e-39
2.84703e-40
1.85485e-39
6.23936e-39
5.83552e-39
5.52337e-40
5.36603e-39
5.56158e-39
-4.74031e-41
-1.75176e-41
7.38639e-39
2.08762e-39
1.0101e-39
5.53801e-39
2.09174e-39
3.74468e-39
-1.7519e-41
-5.83403e-41
1.01475e-39
2.93995e-40
8.14203e-40
5.42386e-39
7.74235e-39
4.08208e-39
5.38725e-39
2.64021e-40
8.13122e-40
5.41116e-39
6.46522e-39
4.06951e-39
5.56479e-39
5.38615e-39
1.2715e-40
2.81539e-40
1.19412e-39
7.86516e-39
9.29675e-39
2.63011e-40
1.2713e-40
3.87015e-39
1.07317e-39
5.51084e-39
9.39217e-39
-7.34967e-41
5.57685e-39
-4.42348e-41
Process [1]
1.80126e-39
5.60415e-39
4.64694e-39
5.1828e-39
5.57518e-39
4.97259e-39
-5.50444e-41
-4.49144e-41
5.56368e-39
-1.19615e-41
1.0372e-39
7.32313e-39
9.04482e-39
5.58906e-39
-4.85816e-41
-1.20049e-41
5.56622e-39
-5.77223e-41
3.83169e-39
1.02213e-39
8.99385e-39
4.89001e-39
5.51799e-40
2.59508e-40
5.60258e-39
9.16546e-40
6.99786e-39
4.98103e-39
6.81304e-39
4.44436e-39
5.42188e-39
4.13054e-40
1.32664e-40
5.72345e-39
4.39854e-39
2.37433e-40
2.45287e-39
-4.58687e-41
4.62918e-39
4.29819e-39
8.06214e-39
-5.2424e-41
5.56493e-39
5.56534e-39
2.35788e-39
7.07306e-39
5.65257e-40
-1.74868e-41
-4.55408e-41
5.58981e-39
-4.53334e-41
-4.32202e-41
4.70763e-39
6.92634e-39
8.09393e-39
4.06564e-39
-5.02267e-41
-1.74658e-41
5.67197e-40
5.54455e-39
2.36785e-39
5.56369e-39
4.12756e-39
5.96023e-40
-1.19573e-41
8.82419e-39
-5.12735e-41
5.58451e-39
-4.49298e-41
6.07042e-40
-1.19293e-41
8.87243e-39
7.0384e-39
2.72879e-40
8.60892e-40
7.45207e-39
2.48446e-39
1.33224e-40
5.63772e-39
4.61223e-39
5.37887e-39
5.2895e-40
7.94838e-39
7.55082e-39
2.44664e-40
1.32994e-40
4.27624e-39
2.74426e-40
7.43354e-40
5.76717e-39
2.37542e-39
5.58925e-39
4.42122e-39
4.88286e-39
5.38727e-39
2.55525e-40
8.1283e-40
5.7792e-39
2.3537e-40
6.28374e-40
4.64973e-39
5.51757e-40
5.27066e-39
2.534e-40
5.60618e-39
1.32863e-40
7.00822e-39
4.25954e-40
2.6654e-39
2.4553e-40
1.26827e-40
6.52829e-40
7.35632e-39
8.93874e-39
5.42587e-39
5.20633e-39
5.79985e-39
6.43695e-39
5.45576e-39
5.33668e-39
6.37248e-39
8.25452e-39
5.25431e-39
6.38493e-40
9.14571e-39
4.05723e-39
Process [2]
1.26787e-40
5.53787e-39
2.46278e-40
5.49644e-39
8.1528e-39
4.95952e-39
4.1254e-39
2.53939e-40
5.27782e-40
5.61904e-39
-1.69697e-41
5.58126e-39
8.16592e-39
2.85204e-39
2.55769e-40
7.4077e-39
6.32028e-40
4.75332e-39
5.57301e-39
9.16279e-39
2.15653e-39
5.22763e-40
4.40017e-39
5.5808e-39
7.85795e-39
5.69341e-39
1.24196e-39
5.58434e-39
5.58297e-39
-1.86527e-41
-5.88685e-42
4.5806e-39
5.582e-39
2.20376e-39
5.58016e-39
-2.14945e-41
4.55263e-39
5.58102e-39
-1.77376e-41
5.22349e-39
5.59899e-39
3.2307e-39
6.495e-39
5.19976e-39
-2.89032e-41
5.18699e-39
-4.29078e-42
4.64857e-39
3.14977e-39
5.54503e-39
5.57797e-39
5.21706e-39
5.29045e-39
6.76124e-39
5.27897e-39
4.38014e-39
5.16112e-39
5.5795e-39
2.7246e-40
1.43493e-42
-2.22722e-41
7.62919e-39
5.74537e-39
5.58105e-39
7.06263e-39
4.83448e-43
-2.93698e-41
1.19742e-39
8.08965e-39
5.58363e-39
8.9543e-43
8.53862e-40
4.62762e-39
8.09273e-39
-1.92132e-41
5.57609e-39
2.59108e-39
1.58616e-39
1.20512e-43
-3.3229e-41
5.58106e-39
6.58311e-39
-2.36735e-41
2.77457e-43
1.40836e-39
4.81719e-39
2.38032e-39
5.56426e-39
7.95365e-39
4.88495e-39
8.93856e-39
5.58475e-39
4.76574e-39
2.48365e-39
8.3915e-39
5.57568e-39
-2.22652e-41
5.58126e-39
8.16665e-39
5.61904e-39
2.85206e-39
-9.99686e-42
-2.53271e-41
-9.46157e-42
3.61721e-39
9.11345e-39
8.55754e-39
5.57789e-39
-1.81426e-41
-8.75111e-42
3.54249e-39
2.3503e-39
8.80079e-39
5.58161e-39
2.24052e-39
6.71031e-39
4.90327e-39
5.59905e-39
-6.79069e-42
-2.8679e-41
-2.51827e-41
5.24732e-39
6.96251e-39
4.93795e-39
-1.87298e-41
5.57914e-39
Process [3]
2.71852e-43
2.58925e-39
-2.03623e-41
5.56625e-39
4.96763e-39
1.23112e-39
5.19967e-39
-1.79282e-41
-1.67343e-41
4.92906e-39
4.20338e-39
5.57969e-39
2.1669e-39
4.89319e-39
5.55113e-39
4.45886e-39
-2.09032e-41
-4.81907e-42
6.48782e-40
1.4041e-42
6.76853e-39
-2.68727e-41
5.58303e-39
7.36048e-39
5.57983e-39
-2.52654e-41
-1.09371e-41
3.9081e-39
9.20013e-39
8.22998e-39
1.32703e-42
-1.94738e-41
4.75255e-39
6.32082e-40
5.57306e-39
7.40781e-39
-2.2247e-41
4.77843e-43
4.79845e-40
7.66532e-39
5.58183e-39
5.7379e-39
5.57929e-39
8.73258e-39
9.4278e-39
4.57923e-39
-9.5022e-42
-2.64131e-41
-1.95257e-41
7.337e-39
4.87738e-39
4.40142e-40
1.20512e-42
5.57468e-39
5.58244e-39
2.72374e-39
6.42222e-39
1.34644e-39
1.49939e-43
-2.80624e-41
-2.96893e-41
1.41811e-42
9.74764e-40
6.94119e-39
7.44313e-39
5.58383e-39
-2.66597e-41
7.80915e-39
8.51191e-40
6.84458e-39
5.58292e-39
4.68034e-43
5.57982e-39
8.44251e-39
2.17237e-39
-1.80838e-41
-9.00054e-42
3.85489e-39
-1.571e-41
4.40026e-39
2.15538e-39
9.16284e-39
-8.84219e-42
5.5808e-39
-1.94248e-41
5.5768e-39
7.81908e-39
4.80091e-39
6.41819e-40
8.68805e-43
-2.2268e-41
2.59277e-39
5.62338e-39
8.17033e-39
5.58125e-39
-9.10844e-42
-5.86247e-41
-5.56203e-41
5.31726e-39
5.34321e-39
5.60427e-39
5.55532e-39
6.86199e-39
5.58842e-39
6.08747e-39
5.02223e-39
4.93986e-39
4.98281e-39
6.80464e-39
5.56559e-39
5.32951e-39
5.58408e-39
-5.45694e-41
5.54607e-39
5.84345e-39
-5.02814e-41
5.5632e-39
6.19853e-39
5.25092e-39
3.8529e-39
5.53676e-39
3.88659e-39
5.23829e-39
-5.91502e-41
4.86565e-39
-7.39549e-41
DispTdT0_c 0.950000
