504 504 3836
0;0;3.581845e+08
0;8;-3.401355e+05
0;105;-1.230507e+08
0;117;-1.845760e+08
0;243;5.812770e+04
0;244;-6.249326e+06
0;255;-6.249326e+06
0;259;-4.999460e+07
0;486;2.551016e+05
1;1;7.404246e+08
1;9;-3.401355e+05
1;106;-3.401355e+05
1;110;-2.551016e+05
1;118;-1.129024e+06
1;121;5.645121e+05
1;242;-1.432519e+04
1;244;3.094105e+05
1;260;-7.383040e+08
1;485;-2.551016e+05
2;2;3.581845e+08
2;10;-3.401355e+05
2;99;-1.230507e+08
2;113;-1.845760e+08
2;206;6.249326e+06
2;210;-4.999460e+07
2;245;6.249326e+06
2;246;5.812770e+04
2;480;2.551016e+05
3;3;7.404246e+08
3;11;-3.401355e+05
3;100;-3.401355e+05
3;104;-2.551016e+05
3;111;5.645121e+05
3;112;-1.129024e+06
3;207;-7.383040e+08
3;245;3.094105e+05
3;247;-1.432519e+04
3;482;-2.551016e+05
4;4;2.351338e+08
4;12;-3.401355e+05
4;79;5.812770e+04
4;80;6.249326e+06
4;149;-4.999460e+07
4;150;6.249326e+06
4;199;-1.845760e+08
4;497;2.551016e+05
5;5;7.400845e+08
5;13;-3.401355e+05
5;78;-1.432519e+04
5;80;-5.645121e+05
5;148;-7.383040e+08
5;203;-1.129024e+06
5;204;-5.645121e+05
5;495;-2.551016e+05
6;6;1.813388e+08
6;71;2.073389e+06
6;76;-8.293558e+06
6;99;-4.999460e+07
6;104;-6.249326e+06
6;156;-4.175936e+06
6;210;-1.230507e+08
7;7;1.107796e+09
7;75;-3.691520e+08
7;100;-7.383040e+08
7;156;2.551016e+05
7;206;2.551016e+05
7;207;-3.401355e+05
8;0;-3.401355e+05
8;8;3.583015e+08
8;20;-3.401355e+05
8;143;-1.845760e+08
8;167;-4.999460e+07
8;168;-6.249326e+06
8;243;-2.551016e+05
8;346;2.551016e+05
8;474;-1.230507e+08
8;487;-6.249326e+06
9;1;-3.401355e+05
9;9;7.404534e+08
9;21;-3.401355e+05
9;141;-1.129024e+06
9;142;5.645121e+05
9;163;-7.383040e+08
9;242;2.551016e+05
9;345;-2.551016e+05
9;475;-3.401355e+05
9;479;-2.551016e+05
9;487;3.094105e+05
10;2;-3.401355e+05
10;10;3.583015e+08
10;22;-3.401355e+05
10;140;-1.845760e+08
10;175;6.249326e+06
10;176;-4.999460e+07
10;246;-2.551016e+05
10;340;2.551016e+05
10;481;6.249326e+06
10;493;-1.230507e+08
11;3;-3.401355e+05
11;11;7.404534e+08
11;23;-3.401355e+05
11;135;-1.129024e+06
11;139;5.645121e+05
11;177;-7.383040e+08
11;247;2.551016e+05
11;342;-2.551016e+05
11;481;3.094105e+05
11;489;-2.551016e+05
11;490;-3.401355e+05
12;4;-3.401355e+05
12;12;2.352509e+08
12;24;-3.401355e+05
12;33;-4.999460e+07
12;37;6.249326e+06
12;79;-2.551016e+05
12;88;-1.845760e+08
12;293;2.551016e+05
12;494;6.249326e+06
13;5;-3.401355e+05
13;13;7.401133e+08
13;25;-3.401355e+05
13;38;-7.383040e+08
13;78;2.551016e+05
13;87;-5.645121e+05
13;89;-1.129024e+06
13;294;-2.551016e+05
13;494;-5.645121e+05
14;14;1.813388e+08
14;70;4.175936e+06
14;133;-8.293558e+06
14;134;-2.073389e+06
14;167;-1.230507e+08
14;474;-4.999460e+07
14;479;6.249326e+06
15;15;1.107796e+09
15;70;2.551016e+05
15;132;-3.691520e+08
15;163;-3.401355e+05
15;168;2.551016e+05
15;475;-7.383040e+08
16;16;1.733854e+08
16;20;-1.230507e+08
16;308;-2.551016e+05
16;309;-6.249326e+06
16;385;-4.999460e+07
16;389;-6.249326e+06
16;474;-3.401355e+05
16;478;-2.551016e+05
17;17;7.389843e+08
17;21;-3.401355e+05
17;307;2.551016e+05
17;309;2.551016e+05
17;347;2.551016e+05
17;386;-7.383040e+08
17;475;-3.401355e+05
17;477;2.551016e+05
18;18;1.733854e+08
18;22;-1.230507e+08
18;302;6.249326e+06
18;303;-2.551016e+05
18;372;-4.999460e+07
18;377;6.249326e+06
18;491;-2.551016e+05
18;493;-3.401355e+05
19;19;7.389843e+08
19;23;-3.401355e+05
19;302;2.551016e+05
19;305;2.551016e+05
19;343;2.551016e+05
19;376;-7.383040e+08
19;490;-3.401355e+05
19;492;2.551016e+05
20;8;-3.401355e+05
20;16;-1.230507e+08
20;20;2.019145e+09
20;346;-2.551016e+05
20;347;-6.249326e+06
20;450;-6.249326e+06
20;453;-4.999460e+07
20;456;-1.845760e+09
20;486;-2.551016e+05
21;9;-3.401355e+05
21;17;-3.401355e+05
21;21;1.025610e+09
21;309;-2.551016e+05
21;345;2.551016e+05
21;347;1.407616e+07
21;454;-7.383040e+08
21;460;-2.866252e+08
21;461;1.433126e+07
21;485;2.551016e+05
22;10;-3.401355e+05
22;18;-1.230507e+08
22;22;2.019145e+09
22;340;-2.551016e+05
22;343;6.249326e+06
22;402;6.249326e+06
22;403;-4.999460e+07
22;425;-1.845760e+09
22;480;-2.551016e+05
23;11;-3.401355e+05
23;19;-3.401355e+05
23;23;1.025610e+09
23;302;-2.551016e+05
23;342;2.551016e+05
23;343;1.407616e+07
23;404;-7.383040e+08
23;420;1.433126e+07
23;424;-2.866252e+08
23;482;2.551016e+05
24;12;-3.401355e+05
24;24;2.349107e+08
24;292;6.249326e+06
24;293;-2.551016e+05
24;331;-1.845760e+08
24;369;6.249326e+06
24;371;-4.999460e+07
24;497;-2.551016e+05
25;13;-3.401355e+05
25;25;7.397732e+08
25;292;-5.645121e+05
25;294;2.551016e+05
25;330;-1.129024e+06
25;332;-5.645121e+05
25;370;-7.383040e+08
25;495;2.551016e+05
26;26;1.813388e+08
26;57;-4.175936e+06
26;133;-8.293558e+06
26;134;2.073389e+06
26;176;-1.230507e+08
26;489;-6.249326e+06
26;493;-4.999460e+07
27;27;1.107796e+09
27;57;2.551016e+05
27;132;-3.691520e+08
27;175;2.551016e+05
27;177;-3.401355e+05
27;490;-7.383040e+08
28;28;7.704935e+09
28;414;-4.708572e+09
28;468;-2.996364e+09
29;29;3.961403e+08
29;279;2.891809e+07
29;415;-3.063482e+08
29;418;5.361093e+07
29;472;-2.469284e+07
29;473;-8.979214e+07
30;30;4.377140e+08
30;264;-3.282855e+07
30;348;-4.377140e+08
30;350;-3.282855e+07
31;31;4.377140e+08
31;272;3.282855e+07
31;458;3.282855e+07
31;460;-4.377140e+08
32;32;4.377140e+08
32;269;3.282855e+07
32;408;-4.377140e+08
32;410;3.282855e+07
33;12;-4.999460e+07
33;33;2.428642e+08
33;37;-4.175936e+06
33;124;2.073389e+06
33;125;-8.293558e+06
33;174;-1.845760e+08
33;494;-6.249326e+06
34;34;5.941719e+07
34;35;4.175936e+06
34;36;5.645121e+05
34;127;-2.073389e+06
34;128;-8.293558e+06
34;170;5.645121e+05
34;172;-1.129024e+06
34;495;6.249326e+06
34;496;-4.999460e+07
35;34;4.175936e+06
35;35;1.936953e+06
35;127;3.244195e+05
35;128;2.073389e+06
35;171;-5.565676e+04
35;495;3.933100e+05
35;496;-6.249326e+06
36;34;5.645121e+05
36;36;7.131606e+05
36;126;-1.113135e+05
36;170;1.852921e+05
36;172;-5.645121e+05
36;497;-2.226270e+05
37;12;6.249326e+06
37;33;-4.175936e+06
37;37;2.260516e+06
37;38;-5.645121e+05
37;124;3.244195e+05
37;125;-2.073389e+06
37;169;1.852921e+05
37;173;5.645121e+05
37;494;3.933100e+05
38;13;-7.383040e+08
38;37;-5.645121e+05
38;38;1.108585e+09
38;123;-3.691520e+08
38;169;-5.645121e+05
38;173;-1.129024e+06
39;39;2.428642e+08
39;44;4.175936e+06
39;124;-2.073389e+06
39;125;-8.293558e+06
39;182;-1.845760e+08
39;498;6.249326e+06
39;501;-4.999460e+07
40;40;1.108585e+09
40;44;-5.645121e+05
40;123;-3.691520e+08
40;183;-1.129024e+06
40;185;-5.645121e+05
40;503;-7.383040e+08
41;41;5.941719e+07
41;42;-4.175936e+06
41;43;5.645121e+05
41;127;2.073389e+06
41;128;-8.293558e+06
41;184;-1.129024e+06
41;186;5.645121e+05
41;500;-4.999460e+07
41;502;-6.249326e+06
42;41;-4.175936e+06
42;42;1.936953e+06
42;127;3.244195e+05
42;128;-2.073389e+06
42;181;-5.565676e+04
42;500;6.249326e+06
42;502;3.933100e+05
43;41;5.645121e+05
43;43;7.131606e+05
43;126;-1.113135e+05
43;184;-5.645121e+05
43;186;1.852921e+05
43;499;-2.226270e+05
44;39;4.175936e+06
44;40;-5.645121e+05
44;44;2.260516e+06
44;124;3.244195e+05
44;125;2.073389e+06
44;183;5.645121e+05
44;185;1.852921e+05
44;498;3.933100e+05
44;501;-6.249326e+06
45;45;7.383040e+08
45;148;-3.691520e+08
45;227;-3.691520e+08
46;46;1.424550e+06
46;149;2.073389e+06
46;150;3.244195e+05
46;223;3.244195e+05
46;224;-2.073389e+06
47;47;2.226270e+05
47;151;-1.113135e+05
47;225;-1.113135e+05
48;48;1.424550e+06
48;147;-2.073389e+06
48;152;3.244195e+05
48;226;3.244195e+05
48;228;2.073389e+06
49;49;1.658712e+07
49;147;-8.293558e+06
49;152;2.073389e+06
49;226;-2.073389e+06
49;228;-8.293558e+06
50;50;1.658712e+07
50;149;-8.293558e+06
50;150;-2.073389e+06
50;223;2.073389e+06
50;224;-8.293558e+06
51;51;2.226270e+05
51;166;-1.113135e+05
51;180;-1.113135e+05
52;52;1.658712e+07
52;167;-8.293558e+06
52;168;2.073389e+06
52;175;-2.073389e+06
52;176;-8.293558e+06
53;53;1.424550e+06
53;164;2.073389e+06
53;165;3.244195e+05
53;178;-2.073389e+06
53;179;3.244195e+05
54;54;1.658712e+07
54;164;-8.293558e+06
54;165;-2.073389e+06
54;178;-8.293558e+06
54;179;2.073389e+06
55;55;7.383040e+08
55;163;-3.691520e+08
55;177;-3.691520e+08
56;56;1.424550e+06
56;167;-2.073389e+06
56;168;3.244195e+05
56;175;3.244195e+05
56;176;2.073389e+06
57;26;-4.175936e+06
57;27;2.551016e+05
57;57;2.137266e+06
57;133;-2.073389e+06
57;134;3.244195e+05
57;175;1.266836e+05
57;177;-2.551016e+05
57;489;3.933100e+05
57;493;6.249326e+06
58;58;5.899094e+05
58;59;-2.551016e+05
58;129;-1.113135e+05
58;178;2.551016e+05
58;180;1.266836e+05
58;491;-2.226270e+05
59;58;-2.551016e+05
59;59;5.862830e+07
59;60;4.175936e+06
59;130;-2.073389e+06
59;131;-8.293558e+06
59;178;-3.401355e+05
59;180;-2.551016e+05
59;488;-4.999460e+07
59;492;6.249326e+06
60;59;4.175936e+06
60;60;1.918401e+06
60;130;3.244195e+05
60;131;2.073389e+06
60;179;-3.710451e+04
60;488;-6.249326e+06
60;492;3.933100e+05
61;61;1.658712e+07
61;206;-2.073389e+06
61;210;-8.293558e+06
61;255;2.073389e+06
61;259;-8.293558e+06
62;62;7.383040e+08
62;207;-3.691520e+08
62;260;-3.691520e+08
63;63;1.658712e+07
63;205;-8.293558e+06
63;209;2.073389e+06
63;257;-8.293558e+06
63;258;-2.073389e+06
64;64;1.424550e+06
64;205;-2.073389e+06
64;209;3.244195e+05
64;257;2.073389e+06
64;258;3.244195e+05
65;65;2.226270e+05
65;208;-1.113135e+05
65;256;-1.113135e+05
66;66;1.424550e+06
66;206;3.244195e+05
66;210;2.073389e+06
66;255;3.244195e+05
66;259;-2.073389e+06
67;67;5.862830e+07
67;68;-4.175936e+06
67;69;-2.551016e+05
67;130;2.073389e+06
67;131;-8.293558e+06
67;164;-3.401355e+05
67;166;-2.551016e+05
67;476;-4.999460e+07
67;477;-6.249326e+06
68;67;-4.175936e+06
68;68;1.918401e+06
68;130;3.244195e+05
68;131;-2.073389e+06
68;165;-3.710451e+04
68;476;6.249326e+06
68;477;3.933100e+05
69;67;-2.551016e+05
69;69;5.899094e+05
69;129;-1.113135e+05
69;164;2.551016e+05
69;166;1.266836e+05
69;478;-2.226270e+05
70;14;4.175936e+06
70;15;2.551016e+05
70;70;2.137266e+06
70;133;2.073389e+06
70;134;3.244195e+05
70;163;-2.551016e+05
70;168;1.266836e+05
70;474;-6.249326e+06
70;479;3.933100e+05
71;6;2.073389e+06
71;71;1.424550e+06
71;156;3.244195e+05
71;217;3.244195e+05
71;221;-2.073389e+06
72;72;2.226270e+05
72;155;-1.113135e+05
72;218;-1.113135e+05
73;73;1.424550e+06
73;153;-2.073389e+06
73;154;3.244195e+05
73;219;3.244195e+05
73;220;2.073389e+06
74;74;1.658712e+07
74;153;-8.293558e+06
74;154;2.073389e+06
74;219;-2.073389e+06
74;220;-8.293558e+06
75;7;-3.691520e+08
75;75;7.383040e+08
75;222;-3.691520e+08
76;6;-8.293558e+06
76;76;1.658712e+07
76;156;-2.073389e+06
76;217;2.073389e+06
76;221;-8.293558e+06
77;77;2.972250e+08
77;78;-6.249326e+06
77;79;5.645121e+05
77;147;-4.999460e+07
77;152;-6.249326e+06
77;200;-1.129024e+06
77;202;5.645121e+05
77;496;-1.230507e+08
78;5;-1.432519e+04
78;13;2.551016e+05
78;77;-6.249326e+06
78;78;1.729502e+06
78;147;6.249326e+06
78;152;3.933100e+05
78;201;-5.565676e+04
78;495;1.266836e+05
79;4;5.812770e+04
79;12;-2.551016e+05
79;77;5.645121e+05
79;79;1.084918e+06
79;151;-2.226270e+05
79;200;-5.645121e+05
79;202;1.852921e+05
79;497;1.266836e+05
80;4;6.249326e+06
80;5;-5.645121e+05
80;80;1.622450e+06
80;149;-6.249326e+06
80;150;3.933100e+05
80;203;5.645121e+05
80;204;1.852921e+05
80;494;-3.710451e+04
81;81;2.351338e+08
81;82;5.812770e+04
81;84;-6.249326e+06
81;213;-1.845760e+08
81;223;-6.249326e+06
81;224;-4.999460e+07
81;499;2.551016e+05
81;501;-3.401355e+05
82;81;5.812770e+04
82;82;1.084918e+06
82;86;5.645121e+05
82;214;-5.645121e+05
82;216;1.852921e+05
82;225;-2.226270e+05
82;499;1.266836e+05
82;501;-2.551016e+05
83;83;1.729502e+06
83;85;-1.432519e+04
83;86;6.249326e+06
83;212;-5.565676e+04
83;226;3.933100e+05
83;228;-6.249326e+06
83;502;1.266836e+05
83;503;2.551016e+05
84;81;-6.249326e+06
84;84;1.622450e+06
84;85;-5.645121e+05
84;211;5.645121e+05
84;215;1.852921e+05
84;223;3.933100e+05
84;224;6.249326e+06
84;498;-3.710451e+04
85;83;-1.432519e+04
85;84;-5.645121e+05
85;85;7.400845e+08
85;211;-1.129024e+06
85;215;-5.645121e+05
85;227;-7.383040e+08
85;502;-2.551016e+05
85;503;-3.401355e+05
86;82;5.645121e+05
86;83;6.249326e+06
86;86;2.972250e+08
86;214;-1.129024e+06
86;216;5.645121e+05
86;226;6.249326e+06
86;228;-4.999460e+07
86;500;-1.230507e+08
87;13;-5.645121e+05
87;87;1.927461e+06
87;88;6.249326e+06
87;135;5.645121e+05
87;139;1.852921e+05
87;169;3.933100e+05
87;174;-6.249326e+06
87;494;1.852921e+05
88;12;-1.845760e+08
88;87;6.249326e+06
88;88;4.191466e+08
88;140;-1.845760e+08
88;169;6.249326e+06
88;174;-4.999460e+07
89;13;-1.129024e+06
89;89;7.405620e+08
89;135;-1.129024e+06
89;139;-5.645121e+05
89;173;-7.383040e+08
89;494;5.645121e+05
90;90;1.280335e+06
90;92;-6.249326e+06
90;137;-5.565676e+04
90;171;3.933100e+05
90;172;6.249326e+06
90;495;-5.565676e+04
91;91;9.810670e+05
91;136;-5.645121e+05
91;138;1.852921e+05
91;170;-2.226270e+05
91;496;5.645121e+05
91;497;1.852921e+05
92;90;-6.249326e+06
92;92;5.225265e+07
92;136;-1.129024e+06
92;138;5.645121e+05
92;171;-6.249326e+06
92;172;-4.999460e+07
92;496;-1.129024e+06
92;497;-5.645121e+05
93;93;1.927461e+06
93;97;-6.249326e+06
93;141;5.645121e+05
93;142;1.852921e+05
93;182;6.249326e+06
93;185;3.933100e+05
93;498;1.852921e+05
93;503;-5.645121e+05
94;94;9.810670e+05
94;145;-5.645121e+05
94;146;1.852921e+05
94;186;-2.226270e+05
94;499;1.852921e+05
94;500;5.645121e+05
95;95;1.280335e+06
95;98;6.249326e+06
95;144;-5.565676e+04
95;181;3.933100e+05
95;184;-6.249326e+06
95;502;-5.565676e+04
96;96;7.405620e+08
96;141;-1.129024e+06
96;142;-5.645121e+05
96;183;-7.383040e+08
96;498;5.645121e+05
96;503;-1.129024e+06
97;93;-6.249326e+06
97;97;4.191466e+08
97;143;-1.845760e+08
97;182;-4.999460e+07
97;185;-6.249326e+06
97;501;-1.845760e+08
98;95;6.249326e+06
98;98;5.225265e+07
98;145;-1.129024e+06
98;146;5.645121e+05
98;181;6.249326e+06
98;184;-4.999460e+07
98;499;-5.645121e+05
98;500;-1.129024e+06
99;2;-1.230507e+08
99;6;-4.999460e+07
99;99;1.736085e+08
99;103;5.812770e+04
99;104;6.249326e+06
99;156;6.249326e+06
99;491;2.551016e+05
99;493;-3.401355e+05
100;3;-3.401355e+05
100;7;-7.383040e+08
100;100;7.392956e+08
100;102;-1.432519e+04
100;104;2.551016e+05
100;245;2.551016e+05
100;490;-3.401355e+05
100;492;-2.551016e+05
101;101;2.964361e+08
101;102;-6.249326e+06
101;103;-2.551016e+05
101;153;-4.999460e+07
101;154;-6.249326e+06
101;246;-2.551016e+05
101;248;-3.401355e+05
101;488;-1.230507e+08
102;100;-1.432519e+04
102;101;-6.249326e+06
102;102;1.710950e+06
102;153;6.249326e+06
102;154;3.933100e+05
102;247;-3.710451e+04
102;490;2.551016e+05
102;492;1.266836e+05
103;99;5.812770e+04
103;101;-2.551016e+05
103;103;9.616672e+05
103;155;-2.226270e+05
103;246;1.266836e+05
103;248;2.551016e+05
103;491;1.266836e+05
103;493;-2.551016e+05
104;3;-2.551016e+05
104;6;-6.249326e+06
104;99;6.249326e+06
104;100;2.551016e+05
104;104;1.499199e+06
104;156;3.933100e+05
104;245;1.266836e+05
104;489;-3.710451e+04
105;0;-1.230507e+08
105;105;1.736085e+08
105;109;5.812770e+04
105;110;-6.249326e+06
105;217;-6.249326e+06
105;221;-4.999460e+07
105;474;-3.401355e+05
105;478;2.551016e+05
106;1;-3.401355e+05
106;106;7.392956e+08
106;108;-1.432519e+04
106;110;2.551016e+05
106;222;-7.383040e+08
106;244;2.551016e+05
106;475;-3.401355e+05
106;477;-2.551016e+05
107;107;2.964361e+08
107;108;6.249326e+06
107;109;-2.551016e+05
107;219;6.249326e+06
107;220;-4.999460e+07
107;241;-3.401355e+05
107;243;-2.551016e+05
107;476;-1.230507e+08
108;106;-1.432519e+04
108;107;6.249326e+06
108;108;1.710950e+06
108;219;3.933100e+05
108;220;-6.249326e+06
108;242;-3.710451e+04
108;475;2.551016e+05
108;477;1.266836e+05
109;105;5.812770e+04
109;107;-2.551016e+05
109;109;9.616672e+05
109;218;-2.226270e+05
109;241;2.551016e+05
109;243;1.266836e+05
109;474;-2.551016e+05
109;478;1.266836e+05
110;1;-2.551016e+05
110;105;-6.249326e+06
110;106;2.551016e+05
110;110;1.499199e+06
110;217;3.933100e+05
110;221;6.249326e+06
110;244;1.266836e+05
110;479;-3.710451e+04
111;3;5.645121e+05
111;111;1.927461e+06
111;113;6.249326e+06
111;203;-5.645121e+05
111;204;1.852921e+05
111;235;-6.249326e+06
111;240;3.933100e+05
111;245;1.852921e+05
112;3;-1.129024e+06
112;112;7.405620e+08
112;203;-1.129024e+06
112;204;5.645121e+05
112;236;-7.383040e+08
112;245;-5.645121e+05
113;2;-1.845760e+08
113;111;6.249326e+06
113;113;4.191466e+08
113;199;-1.845760e+08
113;235;-4.999460e+07
113;240;6.249326e+06
114;114;5.225265e+07
114;115;-6.249326e+06
114;200;-1.129024e+06
114;202;-5.645121e+05
114;237;-4.999460e+07
114;238;-6.249326e+06
114;246;5.645121e+05
114;248;-1.129024e+06
115;114;-6.249326e+06
115;115;1.280335e+06
115;201;-5.565676e+04
115;237;6.249326e+06
115;238;3.933100e+05
115;247;-5.565676e+04
116;116;9.810670e+05
116;200;5.645121e+05
116;202;1.852921e+05
116;239;-2.226270e+05
116;246;1.852921e+05
116;248;-5.645121e+05
117;0;-1.845760e+08
117;117;4.191466e+08
117;121;-6.249326e+06
117;213;-1.845760e+08
117;253;-6.249326e+06
117;254;-4.999460e+07
118;1;-1.129024e+06
118;118;7.405620e+08
118;211;-1.129024e+06
118;215;5.645121e+05
118;244;-5.645121e+05
118;252;-7.383040e+08
119;119;1.280335e+06
119;120;6.249326e+06
119;212;-5.565676e+04
119;242;-5.565676e+04
119;249;-6.249326e+06
119;251;3.933100e+05
120;119;6.249326e+06
120;120;5.225265e+07
120;214;-1.129024e+06
120;216;-5.645121e+05
120;241;-1.129024e+06
120;243;5.645121e+05
120;249;-4.999460e+07
120;251;6.249326e+06
121;1;5.645121e+05
121;117;-6.249326e+06
121;121;1.927461e+06
121;211;-5.645121e+05
121;215;1.852921e+05
121;244;1.852921e+05
121;253;3.933100e+05
121;254;6.249326e+06
122;122;9.810670e+05
122;214;5.645121e+05
122;216;1.852921e+05
122;241;-5.645121e+05
122;243;1.852921e+05
122;250;-2.226270e+05
123;38;-3.691520e+08
123;40;-3.691520e+08
123;123;7.383040e+08
124;33;2.073389e+06
124;37;3.244195e+05
124;39;-2.073389e+06
124;44;3.244195e+05
124;124;1.424550e+06
125;33;-8.293558e+06
125;37;-2.073389e+06
125;39;-8.293558e+06
125;44;2.073389e+06
125;125;1.658712e+07
126;36;-1.113135e+05
126;43;-1.113135e+05
126;126;2.226270e+05
127;34;-2.073389e+06
127;35;3.244195e+05
127;41;2.073389e+06
127;42;3.244195e+05
127;127;1.424550e+06
128;34;-8.293558e+06
128;35;2.073389e+06
128;41;-8.293558e+06
128;42;-2.073389e+06
128;128;1.658712e+07
129;58;-1.113135e+05
129;69;-1.113135e+05
129;129;2.226270e+05
130;59;-2.073389e+06
130;60;3.244195e+05
130;67;2.073389e+06
130;68;3.244195e+05
130;130;1.424550e+06
131;59;-8.293558e+06
131;60;2.073389e+06
131;67;-8.293558e+06
131;68;-2.073389e+06
131;131;1.658712e+07
132;15;-3.691520e+08
132;27;-3.691520e+08
132;132;7.383040e+08
133;14;-8.293558e+06
133;26;-8.293558e+06
133;57;-2.073389e+06
133;70;2.073389e+06
133;133;1.658712e+07
134;14;-2.073389e+06
134;26;2.073389e+06
134;57;3.244195e+05
134;70;3.244195e+05
134;134;1.424550e+06
135;11;-1.129024e+06
135;87;5.645121e+05
135;89;-1.129024e+06
135;135;7.405620e+08
135;196;-7.383040e+08
135;481;-5.645121e+05
136;91;-5.645121e+05
136;92;-1.129024e+06
136;136;5.225265e+07
136;137;-6.249326e+06
136;195;-4.999460e+07
136;198;-6.249326e+06
136;480;5.645121e+05
136;483;-1.129024e+06
137;90;-5.565676e+04
137;136;-6.249326e+06
137;137;1.280335e+06
137;195;6.249326e+06
137;198;3.933100e+05
137;482;-5.565676e+04
138;91;1.852921e+05
138;92;5.645121e+05
138;138;9.810670e+05
138;197;-2.226270e+05
138;480;1.852921e+05
138;483;-5.645121e+05
139;11;5.645121e+05
139;87;1.852921e+05
139;89;-5.645121e+05
139;139;1.927461e+06
139;140;6.249326e+06
139;193;3.933100e+05
139;194;-6.249326e+06
139;481;1.852921e+05
140;10;-1.845760e+08
140;88;-1.845760e+08
140;139;6.249326e+06
140;140;4.191466e+08
140;193;6.249326e+06
140;194;-4.999460e+07
141;9;-1.129024e+06
141;93;5.645121e+05
141;96;-1.129024e+06
141;141;7.405620e+08
141;190;-7.383040e+08
141;487;-5.645121e+05
142;9;5.645121e+05
142;93;1.852921e+05
142;96;-5.645121e+05
142;142;1.927461e+06
142;143;-6.249326e+06
142;187;3.933100e+05
142;192;6.249326e+06
142;487;1.852921e+05
143;8;-1.845760e+08
143;97;-1.845760e+08
143;142;-6.249326e+06
143;143;4.191466e+08
143;187;-6.249326e+06
143;192;-4.999460e+07
144;95;-5.565676e+04
144;144;1.280335e+06
144;145;6.249326e+06
144;188;3.933100e+05
144;189;-6.249326e+06
144;485;-5.565676e+04
145;94;-5.645121e+05
145;98;-1.129024e+06
145;144;6.249326e+06
145;145;5.225265e+07
145;188;6.249326e+06
145;189;-4.999460e+07
145;484;-1.129024e+06
145;486;5.645121e+05
146;94;1.852921e+05
146;98;5.645121e+05
146;146;9.810670e+05
146;191;-2.226270e+05
146;484;-5.645121e+05
146;486;1.852921e+05
147;48;-2.073389e+06
147;49;-8.293558e+06
147;77;-4.999460e+07
147;78;6.249326e+06
147;147;5.941719e+07
147;151;5.645121e+05
147;152;4.175936e+06
147;233;-1.129024e+06
147;234;5.645121e+05
148;5;-7.383040e+08
148;45;-3.691520e+08
148;148;1.108585e+09
148;150;-5.645121e+05
148;230;-5.645121e+05
148;231;-1.129024e+06
149;4;-4.999460e+07
149;46;2.073389e+06
149;50;-8.293558e+06
149;80;-6.249326e+06
149;149;2.428642e+08
149;150;-4.175936e+06
149;229;-1.845760e+08
150;4;6.249326e+06
150;46;3.244195e+05
150;50;-2.073389e+06
150;80;3.933100e+05
150;148;-5.645121e+05
150;149;-4.175936e+06
150;150;2.260516e+06
150;230;1.852921e+05
150;231;5.645121e+05
151;47;-1.113135e+05
151;79;-2.226270e+05
151;147;5.645121e+05
151;151;7.131606e+05
151;233;-5.645121e+05
151;234;1.852921e+05
152;48;3.244195e+05
152;49;2.073389e+06
152;77;-6.249326e+06
152;78;3.933100e+05
152;147;4.175936e+06
152;152;1.936953e+06
152;232;-5.565676e+04
153;73;-2.073389e+06
153;74;-8.293558e+06
153;101;-4.999460e+07
153;102;6.249326e+06
153;153;5.862830e+07
153;154;4.175936e+06
153;155;-2.551016e+05
153;205;-3.401355e+05
153;208;-2.551016e+05
154;73;3.244195e+05
154;74;2.073389e+06
154;101;-6.249326e+06
154;102;3.933100e+05
154;153;4.175936e+06
154;154;1.918401e+06
154;209;-3.710451e+04
155;72;-1.113135e+05
155;103;-2.226270e+05
155;153;-2.551016e+05
155;155;5.899094e+05
155;205;2.551016e+05
155;208;1.266836e+05
156;6;-4.175936e+06
156;7;2.551016e+05
156;71;3.244195e+05
156;76;-2.073389e+06
156;99;6.249326e+06
156;104;3.933100e+05
156;156;2.137266e+06
156;206;1.266836e+05
156;207;-2.551016e+05
157;157;5.338168e+07
157;160;-5.684814e+06
157;212;-6.249326e+06
157;214;-4.999460e+07
157;225;-5.645121e+05
157;228;-1.129024e+06
157;232;5.645121e+05
157;233;-1.129024e+06
157;249;-1.129024e+06
157;250;5.645121e+05
158;158;9.251380e+08
158;211;-7.383040e+08
158;223;5.645121e+05
158;227;-1.129024e+06
158;231;-1.845760e+08
158;252;-1.129024e+06
158;253;-5.645121e+05
159;159;2.306681e+06
159;161;5.684814e+06
159;213;-6.249326e+06
159;215;3.933100e+05
159;223;1.852921e+05
159;227;-5.645121e+05
159;229;5.645121e+05
159;230;1.852921e+05
159;252;5.645121e+05
159;253;1.852921e+05
160;157;-5.684814e+06
160;160;1.659555e+06
160;212;3.933100e+05
160;214;6.249326e+06
160;226;-5.565676e+04
160;232;1.852921e+05
160;233;-5.645121e+05
160;251;-5.565676e+04
161;159;5.684814e+06
161;161;4.202756e+08
161;213;-4.999460e+07
161;215;6.249326e+06
161;224;-1.845760e+08
161;229;-1.129024e+06
161;230;-5.645121e+05
161;254;-1.845760e+08
162;162;1.036724e+06
162;216;-2.226270e+05
162;225;1.852921e+05
162;228;5.645121e+05
162;234;-5.565676e+04
162;249;-5.645121e+05
162;250;1.852921e+05
163;9;-7.383040e+08
163;15;-3.401355e+05
163;55;-3.691520e+08
163;70;-2.551016e+05
163;163;1.108925e+09
163;168;3.094105e+05
163;187;5.645121e+05
163;190;-1.129024e+06
164;53;2.073389e+06
164;54;-8.293558e+06
164;67;-3.401355e+05
164;69;2.551016e+05
164;164;5.975732e+07
164;165;-4.175936e+06
164;166;-3.094105e+05
164;189;-1.129024e+06
164;191;-5.645121e+05
164;484;-4.999460e+07
164;485;-6.249326e+06
165;53;3.244195e+05
165;54;-2.073389e+06
165;68;-3.710451e+04
165;164;-4.175936e+06
165;165;1.974058e+06
165;188;-5.565676e+04
165;484;6.249326e+06
165;485;3.933100e+05
166;51;-1.113135e+05
166;67;-2.551016e+05
166;69;1.266836e+05
166;164;-3.094105e+05
166;166;9.691294e+05
166;189;5.645121e+05
166;191;1.852921e+05
166;486;-2.226270e+05
167;8;-4.999460e+07
167;14;-1.230507e+08
167;52;-8.293558e+06
167;56;-2.073389e+06
167;167;3.659148e+08
167;168;4.175936e+06
167;192;-1.845760e+08
167;487;6.249326e+06
168;8;-6.249326e+06
168;15;2.551016e+05
168;52;2.073389e+06
168;56;3.244195e+05
168;70;1.266836e+05
168;163;3.094105e+05
168;167;4.175936e+06
168;168;2.516486e+06
168;187;1.852921e+05
168;190;-5.645121e+05
168;487;3.933100e+05
169;37;1.852921e+05
169;38;-5.645121e+05
169;87;3.933100e+05
169;88;6.249326e+06
169;169;2.306681e+06
169;174;-5.684814e+06
169;182;-5.645121e+05
169;185;1.852921e+05
169;193;1.852921e+05
169;196;5.645121e+05
170;34;5.645121e+05
170;36;1.852921e+05
170;91;-2.226270e+05
170;170;1.036724e+06
170;186;-5.565676e+04
170;195;-5.645121e+05
170;197;1.852921e+05
171;35;-5.565676e+04
171;90;3.933100e+05
171;92;-6.249326e+06
171;171;1.659555e+06
171;172;5.684814e+06
171;181;1.852921e+05
171;184;5.645121e+05
171;198;-5.565676e+04
172;34;-1.129024e+06
172;36;-5.645121e+05
172;90;6.249326e+06
172;92;-4.999460e+07
172;171;5.684814e+06
172;172;5.338168e+07
172;181;-5.645121e+05
172;184;-1.129024e+06
172;195;-1.129024e+06
172;197;5.645121e+05
173;37;5.645121e+05
173;38;-1.129024e+06
173;89;-7.383040e+08
173;173;9.251380e+08
173;183;-1.845760e+08
173;193;-5.645121e+05
173;196;-1.129024e+06
174;33;-1.845760e+08
174;87;-6.249326e+06
174;88;-4.999460e+07
174;169;-5.684814e+06
174;174;4.202756e+08
174;182;-1.129024e+06
174;185;5.645121e+05
174;194;-1.845760e+08
175;10;6.249326e+06
175;27;2.551016e+05
175;52;-2.073389e+06
175;56;3.244195e+05
175;57;1.266836e+05
175;175;2.516486e+06
175;176;-4.175936e+06
175;177;3.094105e+05
175;193;1.852921e+05
175;196;-5.645121e+05
175;481;3.933100e+05
176;10;-4.999460e+07
176;26;-1.230507e+08
176;52;-8.293558e+06
176;56;2.073389e+06
176;175;-4.175936e+06
176;176;3.659148e+08
176;194;-1.845760e+08
176;481;-6.249326e+06
177;11;-7.383040e+08
177;27;-3.401355e+05
177;55;-3.691520e+08
177;57;-2.551016e+05
177;175;3.094105e+05
177;177;1.108925e+09
177;193;5.645121e+05
177;196;-1.129024e+06
178;53;-2.073389e+06
178;54;-8.293558e+06
178;58;2.551016e+05
178;59;-3.401355e+05
178;178;5.975732e+07
178;179;4.175936e+06
178;180;-3.094105e+05
178;195;-1.129024e+06
178;197;-5.645121e+05
178;482;6.249326e+06
178;483;-4.999460e+07
179;53;3.244195e+05
179;54;2.073389e+06
179;60;-3.710451e+04
179;178;4.175936e+06
179;179;1.974058e+06
179;198;-5.565676e+04
179;482;3.933100e+05
179;483;-6.249326e+06
180;51;-1.113135e+05
180;58;1.266836e+05
180;59;-2.551016e+05
180;178;-3.094105e+05
180;180;9.691294e+05
180;195;5.645121e+05
180;197;1.852921e+05
180;480;-2.226270e+05
181;42;-5.565676e+04
181;95;3.933100e+05
181;98;6.249326e+06
181;171;1.852921e+05
181;172;-5.645121e+05
181;181;1.659555e+06
181;184;-5.684814e+06
181;188;-5.565676e+04
182;39;-1.845760e+08
182;93;6.249326e+06
182;97;-4.999460e+07
182;169;-5.645121e+05
182;174;-1.129024e+06
182;182;4.202756e+08
182;185;5.684814e+06
182;192;-1.845760e+08
183;40;-1.129024e+06
183;44;5.645121e+05
183;96;-7.383040e+08
183;173;-1.845760e+08
183;183;9.251380e+08
183;187;-5.645121e+05
183;190;-1.129024e+06
184;41;-1.129024e+06
184;43;-5.645121e+05
184;95;-6.249326e+06
184;98;-4.999460e+07
184;171;5.645121e+05
184;172;-1.129024e+06
184;181;-5.684814e+06
184;184;5.338168e+07
184;189;-1.129024e+06
184;191;5.645121e+05
185;40;-5.645121e+05
185;44;1.852921e+05
185;93;3.933100e+05
185;97;-6.249326e+06
185;169;1.852921e+05
185;174;5.645121e+05
185;182;5.684814e+06
185;185;2.306681e+06
185;187;1.852921e+05
185;190;5.645121e+05
186;41;5.645121e+05
186;43;1.852921e+05
186;94;-2.226270e+05
186;170;-5.565676e+04
186;186;1.036724e+06
186;189;-5.645121e+05
186;191;1.852921e+05
187;142;3.933100e+05
187;143;-6.249326e+06
187;163;5.645121e+05
187;168;1.852921e+05
187;183;-5.645121e+05
187;185;1.852921e+05
187;187;2.306681e+06
187;192;5.684814e+06
187;193;1.852921e+05
187;194;5.645121e+05
188;144;3.933100e+05
188;145;6.249326e+06
188;165;-5.565676e+04
188;181;-5.565676e+04
188;188;1.659555e+06
188;189;-5.684814e+06
188;195;-5.645121e+05
188;198;1.852921e+05
189;144;-6.249326e+06
189;145;-4.999460e+07
189;164;-1.129024e+06
189;166;5.645121e+05
189;184;-1.129024e+06
189;186;-5.645121e+05
189;188;-5.684814e+06
189;189;5.338168e+07
189;195;-1.129024e+06
189;198;5.645121e+05
190;141;-7.383040e+08
190;163;-1.129024e+06
190;168;-5.645121e+05
190;183;-1.129024e+06
190;185;5.645121e+05
190;190;9.251380e+08
190;196;-1.845760e+08
191;146;-2.226270e+05
191;164;-5.645121e+05
191;166;1.852921e+05
191;184;5.645121e+05
191;186;1.852921e+05
191;191;1.036724e+06
191;197;-5.565676e+04
192;142;6.249326e+06
192;143;-4.999460e+07
192;167;-1.845760e+08
192;182;-1.845760e+08
192;187;5.684814e+06
192;192;4.202756e+08
192;193;-5.645121e+05
192;194;-1.129024e+06
193;139;3.933100e+05
193;140;6.249326e+06
193;169;1.852921e+05
193;173;-5.645121e+05
193;175;1.852921e+05
193;177;5.645121e+05
193;187;1.852921e+05
193;192;-5.645121e+05
193;193;2.306681e+06
193;194;-5.684814e+06
194;139;-6.249326e+06
194;140;-4.999460e+07
194;174;-1.845760e+08
194;176;-1.845760e+08
194;187;5.645121e+05
194;192;-1.129024e+06
194;193;-5.684814e+06
194;194;4.202756e+08
195;136;-4.999460e+07
195;137;6.249326e+06
195;170;-5.645121e+05
195;172;-1.129024e+06
195;178;-1.129024e+06
195;180;5.645121e+05
195;188;-5.645121e+05
195;189;-1.129024e+06
195;195;5.338168e+07
195;198;5.684814e+06
196;135;-7.383040e+08
196;169;5.645121e+05
196;173;-1.129024e+06
196;175;-5.645121e+05
196;177;-1.129024e+06
196;190;-1.845760e+08
196;196;9.251380e+08
197;138;-2.226270e+05
197;170;1.852921e+05
197;172;5.645121e+05
197;178;-5.645121e+05
197;180;1.852921e+05
197;191;-5.565676e+04
197;197;1.036724e+06
198;136;-6.249326e+06
198;137;3.933100e+05
198;171;-5.565676e+04
198;179;-5.565676e+04
198;188;1.852921e+05
198;189;5.645121e+05
198;195;5.684814e+06
198;198;1.659555e+06
199;4;-1.845760e+08
199;113;-1.845760e+08
199;199;4.191466e+08
199;204;6.249326e+06
199;229;-4.999460e+07
199;230;6.249326e+06
200;77;-1.129024e+06
200;79;-5.645121e+05
200;114;-1.129024e+06
200;116;5.645121e+05
200;200;5.225265e+07
200;201;-6.249326e+06
200;232;-6.249326e+06
200;233;-4.999460e+07
201;78;-5.565676e+04
201;115;-5.565676e+04
201;200;-6.249326e+06
201;201;1.280335e+06
201;232;3.933100e+05
201;233;6.249326e+06
202;77;5.645121e+05
202;79;1.852921e+05
202;114;-5.645121e+05
202;116;1.852921e+05
202;202;9.810670e+05
202;234;-2.226270e+05
203;5;-1.129024e+06
203;80;5.645121e+05
203;111;-5.645121e+05
203;112;-1.129024e+06
203;203;7.405620e+08
203;231;-7.383040e+08
204;5;-5.645121e+05
204;80;1.852921e+05
204;111;1.852921e+05
204;112;5.645121e+05
204;199;6.249326e+06
204;204;1.927461e+06
204;229;-6.249326e+06
204;230;3.933100e+05
205;63;-8.293558e+06
205;64;-2.073389e+06
205;153;-3.401355e+05
205;155;2.551016e+05
205;205;5.975732e+07
205;208;-3.094105e+05
205;209;4.175936e+06
205;237;-1.129024e+06
205;239;-5.645121e+05
205;247;6.249326e+06
205;248;-4.999460e+07
206;2;6.249326e+06
206;7;2.551016e+05
206;61;-2.073389e+06
206;66;3.244195e+05
206;156;1.266836e+05
206;206;2.516486e+06
206;207;3.094105e+05
206;210;-4.175936e+06
206;236;-5.645121e+05
206;240;1.852921e+05
206;245;3.933100e+05
207;3;-7.383040e+08
207;7;-3.401355e+05
207;62;-3.691520e+08
207;156;-2.551016e+05
207;206;3.094105e+05
207;207;1.108925e+09
207;236;-1.129024e+06
207;240;5.645121e+05
208;65;-1.113135e+05
208;153;-2.551016e+05
208;155;1.266836e+05
208;205;-3.094105e+05
208;208;9.691294e+05
208;237;5.645121e+05
208;239;1.852921e+05
208;246;-2.226270e+05
209;63;2.073389e+06
209;64;3.244195e+05
209;154;-3.710451e+04
209;205;4.175936e+06
209;209;1.974058e+06
209;238;-5.565676e+04
209;247;3.933100e+05
209;248;-6.249326e+06
210;2;-4.999460e+07
210;6;-1.230507e+08
210;61;-8.293558e+06
210;66;2.073389e+06
210;206;-4.175936e+06
210;210;3.659148e+08
210;235;-1.845760e+08
210;245;-6.249326e+06
211;84;5.645121e+05
211;85;-1.129024e+06
211;118;-1.129024e+06
211;121;-5.645121e+05
211;158;-7.383040e+08
211;211;7.405620e+08
212;83;-5.565676e+04
212;119;-5.565676e+04
212;157;-6.249326e+06
212;160;3.933100e+05
212;212;1.280335e+06
212;214;6.249326e+06
213;81;-1.845760e+08
213;117;-1.845760e+08
213;159;-6.249326e+06
213;161;-4.999460e+07
213;213;4.191466e+08
213;215;-6.249326e+06
214;82;-5.645121e+05
214;86;-1.129024e+06
214;120;-1.129024e+06
214;122;5.645121e+05
214;157;-4.999460e+07
214;160;6.249326e+06
214;212;6.249326e+06
214;214;5.225265e+07
215;84;1.852921e+05
215;85;-5.645121e+05
215;118;5.645121e+05
215;121;1.852921e+05
215;159;3.933100e+05
215;161;6.249326e+06
215;213;-6.249326e+06
215;215;1.927461e+06
216;82;1.852921e+05
216;86;5.645121e+05
216;120;-5.645121e+05
216;122;1.852921e+05
216;162;-2.226270e+05
216;216;9.810670e+05
217;71;3.244195e+05
217;76;2.073389e+06
217;105;-6.249326e+06
217;110;3.933100e+05
217;217;2.137266e+06
217;221;4.175936e+06
217;222;2.551016e+05
217;255;1.266836e+05
217;260;-2.551016e+05
218;72;-1.113135e+05
218;109;-2.226270e+05
218;218;5.899094e+05
218;220;-2.551016e+05
218;256;1.266836e+05
218;257;2.551016e+05
219;73;3.244195e+05
219;74;-2.073389e+06
219;107;6.249326e+06
219;108;3.933100e+05
219;219;1.918401e+06
219;220;-4.175936e+06
219;258;-3.710451e+04
220;73;2.073389e+06
220;74;-8.293558e+06
220;107;-4.999460e+07
220;108;-6.249326e+06
220;218;-2.551016e+05
220;219;-4.175936e+06
220;220;5.862830e+07
220;256;-2.551016e+05
220;257;-3.401355e+05
221;71;-2.073389e+06
221;76;-8.293558e+06
221;105;-4.999460e+07
221;110;6.249326e+06
221;217;4.175936e+06
221;221;1.813388e+08
221;259;-1.230507e+08
222;75;-3.691520e+08
222;106;-7.383040e+08
222;217;2.551016e+05
222;222;1.107796e+09
222;255;2.551016e+05
222;260;-3.401355e+05
223;46;3.244195e+05
223;50;2.073389e+06
223;81;-6.249326e+06
223;84;3.933100e+05
223;158;5.645121e+05
223;159;1.852921e+05
223;223;2.260516e+06
223;224;4.175936e+06
223;227;-5.645121e+05
224;46;-2.073389e+06
224;50;-8.293558e+06
224;81;-4.999460e+07
224;84;6.249326e+06
224;161;-1.845760e+08
224;223;4.175936e+06
224;224;2.428642e+08
225;47;-1.113135e+05
225;82;-2.226270e+05
225;157;-5.645121e+05
225;162;1.852921e+05
225;225;7.131606e+05
225;228;5.645121e+05
226;48;3.244195e+05
226;49;-2.073389e+06
226;83;3.933100e+05
226;86;6.249326e+06
226;160;-5.565676e+04
226;226;1.936953e+06
226;228;-4.175936e+06
227;45;-3.691520e+08
227;85;-7.383040e+08
227;158;-1.129024e+06
227;159;-5.645121e+05
227;223;-5.645121e+05
227;227;1.108585e+09
228;48;2.073389e+06
228;49;-8.293558e+06
228;83;-6.249326e+06
228;86;-4.999460e+07
228;157;-1.129024e+06
228;162;5.645121e+05
228;225;5.645121e+05
228;226;-4.175936e+06
228;228;5.941719e+07
229;149;-1.845760e+08
229;159;5.645121e+05
229;161;-1.129024e+06
229;199;-4.999460e+07
229;204;-6.249326e+06
229;229;4.202756e+08
229;230;-5.684814e+06
229;235;-1.845760e+08
230;148;-5.645121e+05
230;150;1.852921e+05
230;159;1.852921e+05
230;161;-5.645121e+05
230;199;6.249326e+06
230;204;3.933100e+05
230;229;-5.684814e+06
230;230;2.306681e+06
230;236;5.645121e+05
230;240;1.852921e+05
231;148;-1.129024e+06
231;150;5.645121e+05
231;158;-1.845760e+08
231;203;-7.383040e+08
231;231;9.251380e+08
231;236;-1.129024e+06
231;240;-5.645121e+05
232;152;-5.565676e+04
232;157;5.645121e+05
232;160;1.852921e+05
232;200;-6.249326e+06
232;201;3.933100e+05
232;232;1.659555e+06
232;233;5.684814e+06
232;238;-5.565676e+04
233;147;-1.129024e+06
233;151;-5.645121e+05
233;157;-1.129024e+06
233;160;-5.645121e+05
233;200;-4.999460e+07
233;201;6.249326e+06
233;232;5.684814e+06
233;233;5.338168e+07
233;237;-1.129024e+06
233;239;5.645121e+05
234;147;5.645121e+05
234;151;1.852921e+05
234;162;-5.565676e+04
234;202;-2.226270e+05
234;234;1.036724e+06
234;237;-5.645121e+05
234;239;1.852921e+05
235;111;-6.249326e+06
235;113;-4.999460e+07
235;210;-1.845760e+08
235;229;-1.845760e+08
235;235;4.202756e+08
235;240;-5.684814e+06
235;253;5.645121e+05
235;254;-1.129024e+06
236;112;-7.383040e+08
236;206;-5.645121e+05
236;207;-1.129024e+06
236;230;5.645121e+05
236;231;-1.129024e+06
236;236;9.251380e+08
236;252;-1.845760e+08
237;114;-4.999460e+07
237;115;6.249326e+06
237;205;-1.129024e+06
237;208;5.645121e+05
237;233;-1.129024e+06
237;234;-5.645121e+05
237;237;5.338168e+07
237;238;5.684814e+06
237;249;-1.129024e+06
237;251;-5.645121e+05
238;114;-6.249326e+06
238;115;3.933100e+05
238;209;-5.565676e+04
238;232;-5.565676e+04
238;237;5.684814e+06
238;238;1.659555e+06
238;249;5.645121e+05
238;251;1.852921e+05
239;116;-2.226270e+05
239;205;-5.645121e+05
239;208;1.852921e+05
239;233;5.645121e+05
239;234;1.852921e+05
239;239;1.036724e+06
239;250;-5.565676e+04
240;111;3.933100e+05
240;113;6.249326e+06
240;206;1.852921e+05
240;207;5.645121e+05
240;230;1.852921e+05
240;231;-5.645121e+05
240;235;-5.684814e+06
240;240;2.306681e+06
240;253;1.852921e+05
240;254;-5.645121e+05
241;107;-3.401355e+05
241;109;2.551016e+05
241;120;-1.129024e+06
241;122;-5.645121e+05
241;241;2.975651e+08
241;242;6.249326e+06
241;243;-3.094105e+05
241;257;-4.999460e+07
241;258;6.249326e+06
241;484;-1.230507e+08
242;1;-1.432519e+04
242;9;2.551016e+05
242;108;-3.710451e+04
242;119;-5.565676e+04
242;241;6.249326e+06
242;242;1.766606e+06
242;257;-6.249326e+06
242;258;3.933100e+05
242;485;1.266836e+05
243;0;5.812770e+04
243;8;-2.551016e+05
243;107;-2.551016e+05
243;109;1.266836e+05
243;120;5.645121e+05
243;122;1.852921e+05
243;241;-3.094105e+05
243;243;1.340887e+06
243;256;-2.226270e+05
243;486;1.266836e+05
244;0;-6.249326e+06
244;1;3.094105e+05
244;106;2.551016e+05
244;110;1.266836e+05
244;118;-5.645121e+05
244;121;1.852921e+05
244;244;1.878419e+06
244;255;3.933100e+05
244;259;6.249326e+06
244;487;-3.710451e+04
245;2;6.249326e+06
245;3;3.094105e+05
245;100;2.551016e+05
245;104;1.266836e+05
245;111;1.852921e+05
245;112;-5.645121e+05
245;206;3.933100e+05
245;210;-6.249326e+06
245;245;1.878419e+06
245;481;-3.710451e+04
246;2;5.812770e+04
246;10;-2.551016e+05
246;101;-2.551016e+05
246;103;1.266836e+05
246;114;5.645121e+05
246;116;1.852921e+05
246;208;-2.226270e+05
246;246;1.340887e+06
246;248;-3.094105e+05
246;480;1.266836e+05
247;3;-1.432519e+04
247;11;2.551016e+05
247;102;-3.710451e+04
247;115;-5.565676e+04
247;205;6.249326e+06
247;209;3.933100e+05
247;247;1.766606e+06
247;248;-6.249326e+06
247;482;1.266836e+05
248;101;-3.401355e+05
248;103;2.551016e+05
248;114;-1.129024e+06
248;116;-5.645121e+05
248;205;-4.999460e+07
248;209;-6.249326e+06
248;246;-3.094105e+05
248;247;-6.249326e+06
248;248;2.975651e+08
248;483;-1.230507e+08
249;119;-6.249326e+06
249;120;-4.999460e+07
249;157;-1.129024e+06
249;162;-5.645121e+05
249;237;-1.129024e+06
249;238;5.645121e+05
249;249;5.338168e+07
249;251;-5.684814e+06
249;256;5.645121e+05
249;257;-1.129024e+06
250;122;-2.226270e+05
250;157;5.645121e+05
250;162;1.852921e+05
250;239;-5.565676e+04
250;250;1.036724e+06
250;256;1.852921e+05
250;257;-5.645121e+05
251;119;3.933100e+05
251;120;6.249326e+06
251;160;-5.565676e+04
251;237;-5.645121e+05
251;238;1.852921e+05
251;249;-5.684814e+06
251;251;1.659555e+06
251;258;-5.565676e+04
252;118;-7.383040e+08
252;158;-1.129024e+06
252;159;5.645121e+05
252;236;-1.845760e+08
252;252;9.251380e+08
252;255;-5.645121e+05
252;260;-1.129024e+06
253;117;-6.249326e+06
253;121;3.933100e+05
253;158;-5.645121e+05
253;159;1.852921e+05
253;235;5.645121e+05
253;240;1.852921e+05
253;253;2.306681e+06
253;254;5.684814e+06
253;255;1.852921e+05
253;260;5.645121e+05
254;117;-4.999460e+07
254;121;6.249326e+06
254;161;-1.845760e+08
254;235;-1.129024e+06
254;240;-5.645121e+05
254;253;5.684814e+06
254;254;4.202756e+08
254;259;-1.845760e+08
255;0;-6.249326e+06
255;61;2.073389e+06
255;66;3.244195e+05
255;217;1.266836e+05
255;222;2.551016e+05
255;244;3.933100e+05
255;252;-5.645121e+05
255;253;1.852921e+05
255;255;2.516486e+06
255;259;4.175936e+06
255;260;3.094105e+05
256;65;-1.113135e+05
256;218;1.266836e+05
256;220;-2.551016e+05
256;243;-2.226270e+05
256;249;5.645121e+05
256;250;1.852921e+05
256;256;9.691294e+05
256;257;-3.094105e+05
257;63;-8.293558e+06
257;64;2.073389e+06
257;218;2.551016e+05
257;220;-3.401355e+05
257;241;-4.999460e+07
257;242;-6.249326e+06
257;249;-1.129024e+06
257;250;-5.645121e+05
257;256;-3.094105e+05
257;257;5.975732e+07
257;258;-4.175936e+06
258;63;-2.073389e+06
258;64;3.244195e+05
258;219;-3.710451e+04
258;241;6.249326e+06
258;242;3.933100e+05
258;251;-5.565676e+04
258;257;-4.175936e+06
258;258;1.974058e+06
259;0;-4.999460e+07
259;61;-8.293558e+06
259;66;-2.073389e+06
259;221;-1.230507e+08
259;244;6.249326e+06
259;254;-1.845760e+08
259;255;4.175936e+06
259;259;3.659148e+08
260;1;-7.383040e+08
260;62;-3.691520e+08
260;217;-2.551016e+05
260;222;-3.401355e+05
260;252;-1.129024e+06
260;253;5.645121e+05
260;255;3.094105e+05
260;260;1.108925e+09
261;261;2.583139e+07
261;262;4.867464e+07
261;351;-1.853019e+07
261;353;-4.867464e+07
262;261;4.867464e+07
262;262;6.489953e+08
262;351;4.867464e+07
262;353;-6.489953e+08
263;263;2.939039e+04
263;349;-2.939039e+04
264;30;-3.282855e+07
264;264;4.423372e+06
264;348;3.282855e+07
264;350;5.009111e+05
265;265;3.572727e+09
265;352;-3.572727e+09
266;266;6.489953e+08
266;267;-4.867464e+07
266;409;-6.489953e+08
266;413;-4.867464e+07
267;266;-4.867464e+07
267;267;2.583139e+07
267;409;4.867464e+07
267;413;-1.853019e+07
268;268;3.572727e+09
268;411;-3.572727e+09
269;32;3.282855e+07
269;269;4.423372e+06
269;408;-3.282855e+07
269;410;5.009111e+05
270;270;2.939039e+04
270;412;-2.939039e+04
271;271;2.583139e+07
271;273;-4.867464e+07
271;456;4.867464e+07
271;459;-1.853019e+07
272;31;3.282855e+07
272;272;4.423372e+06
272;458;5.009111e+05
272;460;-3.282855e+07
273;271;-4.867464e+07
273;273;6.489953e+08
273;456;-6.489953e+08
273;459;-4.867464e+07
274;274;3.572727e+09
274;457;-3.572727e+09
275;275;2.939039e+04
275;461;-2.939039e+04
276;276;1.508442e+07
276;278;-2.066216e+07
276;416;3.701603e+07
276;417;3.966568e+06
276;469;-1.635387e+07
276;471;2.899254e+06
277;277;3.244470e+06
277;419;-1.982731e+06
277;470;-1.261738e+06
278;276;-2.066216e+07
278;278;2.709888e+08
278;416;-2.115202e+08
278;417;-3.701603e+07
278;469;-5.946862e+07
278;471;1.635387e+07
279;29;2.891809e+07
279;279;2.259322e+07
279;415;-5.361093e+07
279;418;5.458104e+06
279;472;4.293560e+06
279;473;2.469284e+07
280;280;1.424550e+06
280;369;3.244195e+05
280;371;2.073389e+06
280;392;3.244195e+05
280;394;-2.073389e+06
281;281;1.658712e+07
281;369;-2.073389e+06
281;371;-8.293558e+06
281;392;2.073389e+06
281;394;-8.293558e+06
282;282;7.383040e+08
282;370;-3.691520e+08
282;395;-3.691520e+08
283;283;1.658712e+07
283;367;2.073389e+06
283;368;-8.293558e+06
283;391;-8.293558e+06
283;393;-2.073389e+06
284;284;1.424550e+06
284;367;3.244195e+05
284;368;-2.073389e+06
284;391;2.073389e+06
284;393;3.244195e+05
285;285;2.226270e+05
285;366;-1.113135e+05
285;390;-1.113135e+05
286;286;1.424550e+06
286;372;2.073389e+06
286;377;3.244195e+05
286;385;-2.073389e+06
286;389;3.244195e+05
287;287;1.658712e+07
287;372;-8.293558e+06
287;377;-2.073389e+06
287;385;-8.293558e+06
287;389;2.073389e+06
288;288;1.658712e+07
288;374;2.073389e+06
288;375;-8.293558e+06
288;387;-8.293558e+06
288;388;-2.073389e+06
289;289;1.424550e+06
289;374;3.244195e+05
289;375;-2.073389e+06
289;387;2.073389e+06
289;388;3.244195e+05
290;290;7.383040e+08
290;376;-3.691520e+08
290;386;-3.691520e+08
291;291;2.226270e+05
291;373;-1.113135e+05
291;384;-1.113135e+05
292;24;6.249326e+06
292;25;-5.645121e+05
292;292;1.585346e+06
292;330;5.645121e+05
292;332;1.852921e+05
292;369;3.933100e+05
292;371;-6.249326e+06
292;494;-3.710451e+04
293;12;2.551016e+05
293;24;-2.551016e+05
293;293;8.578158e+05
293;295;5.645121e+05
293;328;1.852921e+05
293;329;-5.645121e+05
293;366;-2.226270e+05
293;497;1.266836e+05
294;13;-2.551016e+05
294;25;2.551016e+05
294;294;1.480647e+06
294;295;-6.249326e+06
294;333;-5.565676e+04
294;367;3.933100e+05
294;368;6.249326e+06
294;495;1.266836e+05
295;293;5.645121e+05
295;294;-6.249326e+06
295;295;1.741743e+08
295;328;5.645121e+05
295;329;-1.129024e+06
295;367;-6.249326e+06
295;368;-4.999460e+07
295;496;-1.230507e+08
296;296;2.349107e+08
296;300;-2.551016e+05
296;301;-6.249326e+06
296;334;-1.845760e+08
296;392;-6.249326e+06
296;394;-4.999460e+07
296;499;-2.551016e+05
296;501;-3.401355e+05
297;297;1.741743e+08
297;299;6.249326e+06
297;300;5.645121e+05
297;336;-1.129024e+06
297;338;5.645121e+05
297;391;-4.999460e+07
297;393;6.249326e+06
297;500;-1.230507e+08
298;298;7.397732e+08
298;299;2.551016e+05
298;301;-5.645121e+05
298;335;-1.129024e+06
298;339;-5.645121e+05
298;395;-7.383040e+08
298;502;2.551016e+05
298;503;-3.401355e+05
299;297;6.249326e+06
299;298;2.551016e+05
299;299;1.480647e+06
299;337;-5.565676e+04
299;391;-6.249326e+06
299;393;3.933100e+05
299;502;1.266836e+05
299;503;-2.551016e+05
300;296;-2.551016e+05
300;297;5.645121e+05
300;300;8.578158e+05
300;336;-5.645121e+05
300;338;1.852921e+05
300;390;-2.226270e+05
300;499;1.266836e+05
300;501;2.551016e+05
301;296;-6.249326e+06
301;298;-5.645121e+05
301;301;1.585346e+06
301;335;5.645121e+05
301;339;1.852921e+05
301;392;3.933100e+05
301;394;6.249326e+06
301;498;-3.710451e+04
302;18;6.249326e+06
302;19;2.551016e+05
302;23;-2.551016e+05
302;302;1.462095e+06
302;343;1.266836e+05
302;372;-6.249326e+06
302;377;3.933100e+05
302;489;-3.710451e+04
303;18;-2.551016e+05
303;303;7.345647e+05
303;304;-2.551016e+05
303;340;1.266836e+05
303;341;2.551016e+05
303;373;-2.226270e+05
303;491;1.266836e+05
303;493;2.551016e+05
304;303;-2.551016e+05
304;304;1.733854e+08
304;305;-6.249326e+06
304;340;-2.551016e+05
304;341;-3.401355e+05
304;374;-6.249326e+06
304;375;-4.999460e+07
304;488;-1.230507e+08
305;19;2.551016e+05
305;304;-6.249326e+06
305;305;1.462095e+06
305;342;-3.710451e+04
305;374;3.933100e+05
305;375;6.249326e+06
305;490;-2.551016e+05
305;492;1.266836e+05
306;306;1.733854e+08
306;307;6.249326e+06
306;308;-2.551016e+05
306;344;-3.401355e+05
306;346;-2.551016e+05
306;387;-4.999460e+07
306;388;6.249326e+06
306;476;-1.230507e+08
307;17;2.551016e+05
307;306;6.249326e+06
307;307;1.462095e+06
307;345;-3.710451e+04
307;387;-6.249326e+06
307;388;3.933100e+05
307;475;-2.551016e+05
307;477;1.266836e+05
308;16;-2.551016e+05
308;306;-2.551016e+05
308;308;7.345647e+05
308;344;2.551016e+05
308;346;1.266836e+05
308;384;-2.226270e+05
308;474;2.551016e+05
308;478;1.266836e+05
309;16;-6.249326e+06
309;17;2.551016e+05
309;21;-2.551016e+05
309;309;1.462095e+06
309;347;1.266836e+05
309;385;6.249326e+06
309;389;3.933100e+05
309;479;-3.710451e+04
310;310;3.559441e+09
310;313;1.759744e+08
310;396;-1.997673e+07
310;398;4.994182e+06
310;416;-3.519487e+09
310;417;1.759744e+08
310;428;-4.994182e+06
310;429;-1.997673e+07
311;311;8.120000e+09
311;315;-2.000000e+08
311;397;-2.060000e+09
311;415;-4.000000e+09
311;418;-2.000000e+08
311;430;-2.060000e+09
312;312;1.662651e+10
312;399;-7.325746e+07
312;400;-1.831437e+07
312;414;-1.648000e+10
312;426;-7.325746e+07
312;431;1.831437e+07
313;310;1.759744e+08
313;313;1.849477e+07
313;401;-4.533589e+05
313;416;-1.759744e+08
313;417;9.385300e+03
313;427;-4.533589e+05
314;314;1.029498e+07
314;396;-4.994182e+06
314;398;8.193787e+05
314;419;-6.939560e+06
314;428;8.193787e+05
314;429;4.994182e+06
315;311;-2.000000e+08
315;315;3.632385e+07
315;399;1.831437e+07
315;400;2.861925e+06
315;415;2.000000e+08
315;418;-3.733333e+06
315;426;-1.831437e+07
315;431;2.861925e+06
316;316;1.787430e+06
316;319;-6.249326e+06
316;422;-6.184085e+04
316;441;-5.565676e+05
316;446;6.249326e+06
316;447;3.933100e+05
317;317;1.026467e+09
317;321;1.363915e+07
317;420;-6.921089e+05
317;424;-1.538020e+06
317;439;-2.866252e+08
317;443;1.433126e+07
317;449;-7.383040e+08
318;318;2.100839e+09
318;321;6.249326e+06
318;425;-2.050844e+08
318;438;-1.845760e+09
318;444;-4.999460e+07
318;448;6.249326e+06
319;316;-6.249326e+06
319;319;3.381579e+08
319;320;-1.363915e+07
319;421;6.921089e+05
319;423;-1.538020e+06
319;440;-2.866252e+08
319;442;-1.433126e+07
319;446;-4.999460e+07
319;447;-6.249326e+06
320;319;-1.363915e+07
320;320;2.328016e+06
320;421;2.037113e+05
320;423;-6.921089e+05
320;440;1.433126e+07
320;442;-2.530761e+05
320;445;-2.226270e+05
321;317;1.363915e+07
321;318;6.249326e+06
321;321;3.274410e+06
321;420;2.037113e+05
321;424;6.921089e+05
321;439;-1.433126e+07
321;443;-2.530761e+05
321;444;-6.249326e+06
321;448;3.933100e+05
322;322;1.026467e+09
322;327;1.363915e+07
322;408;-2.866252e+08
322;412;1.433126e+07
322;460;-1.538020e+06
322;461;-6.921089e+05
322;467;-7.383040e+08
323;323;3.381579e+08
323;324;6.249326e+06
323;325;-1.363915e+07
323;411;-2.866252e+08
323;413;-1.433126e+07
323;457;-1.538020e+06
323;459;6.921089e+05
323;465;6.249326e+06
323;466;-4.999460e+07
324;323;6.249326e+06
324;324;1.787430e+06
324;410;-5.565676e+05
324;458;-6.184085e+04
324;465;3.933100e+05
324;466;-6.249326e+06
325;323;-1.363915e+07
325;325;2.328016e+06
325;411;1.433126e+07
325;413;-2.530761e+05
325;457;-6.921089e+05
325;459;2.037113e+05
325;464;-2.226270e+05
326;326;2.100839e+09
326;327;-6.249326e+06
326;409;-1.845760e+09
326;456;-2.050844e+08
326;462;-4.999460e+07
326;463;-6.249326e+06
327;322;1.363915e+07
327;326;-6.249326e+06
327;327;3.274410e+06
327;408;-1.433126e+07
327;412;-2.530761e+05
327;460;6.921089e+05
327;461;2.037113e+05
327;462;6.249326e+06
327;463;3.933100e+05
328;293;1.852921e+05
328;295;5.645121e+05
328;328;1.021034e+06
328;329;1.275968e+05
328;433;-2.226270e+05
328;440;-6.921089e+05
328;442;2.037113e+05
329;293;-5.645121e+05
329;295;-1.129024e+06
329;328;1.275968e+05
329;329;5.266165e+07
329;333;-6.249326e+06
329;434;-6.249326e+06
329;435;-4.999460e+07
329;440;-1.538020e+06
329;442;6.921089e+05
330;25;-1.129024e+06
330;292;5.645121e+05
330;330;7.409711e+08
330;332;-1.275968e+05
330;436;-7.383040e+08
330;439;-1.538020e+06
330;443;-6.921089e+05
331;24;-1.845760e+08
331;331;4.396550e+08
331;332;6.249326e+06
331;432;6.249326e+06
331;437;-4.999460e+07
331;438;-2.050844e+08
332;25;-5.645121e+05
332;292;1.852921e+05
332;330;-1.275968e+05
332;331;6.249326e+06
332;332;1.967428e+06
332;432;3.933100e+05
332;437;-6.249326e+06
332;439;6.921089e+05
332;443;2.037113e+05
333;294;-5.565676e+04
333;329;-6.249326e+06
333;333;1.286519e+06
333;434;3.933100e+05
333;435;6.249326e+06
333;441;-6.184085e+04
334;296;-1.845760e+08
334;334;4.396550e+08
334;339;-6.249326e+06
334;380;-4.999460e+07
334;381;-6.249326e+06
334;409;-2.050844e+08
335;298;-1.129024e+06
335;301;5.645121e+05
335;335;7.409711e+08
335;339;-1.275968e+05
335;378;-7.383040e+08
335;408;-1.538020e+06
335;412;-6.921089e+05
336;297;-1.129024e+06
336;300;-5.645121e+05
336;336;5.266165e+07
336;337;6.249326e+06
336;338;1.275968e+05
336;382;6.249326e+06
336;383;-4.999460e+07
336;411;-1.538020e+06
336;413;6.921089e+05
337;299;-5.565676e+04
337;336;6.249326e+06
337;337;1.286519e+06
337;382;3.933100e+05
337;383;-6.249326e+06
337;410;-6.184085e+04
338;297;5.645121e+05
338;300;1.852921e+05
338;336;1.275968e+05
338;338;1.021034e+06
338;379;-2.226270e+05
338;411;-6.921089e+05
338;413;2.037113e+05
339;298;-5.645121e+05
339;301;1.852921e+05
339;334;-6.249326e+06
339;335;-1.275968e+05
339;339;1.967428e+06
339;380;6.249326e+06
339;381;3.933100e+05
339;408;6.921089e+05
339;412;2.037113e+05
340;10;2.551016e+05
340;22;-2.551016e+05
340;303;1.266836e+05
340;304;-2.551016e+05
340;340;2.420767e+06
340;341;-1.407616e+07
340;407;-2.226270e+05
340;421;-2.530761e+05
340;423;1.433126e+07
340;480;1.266836e+05
341;303;2.551016e+05
341;304;-3.401355e+05
341;340;-1.407616e+07
341;341;4.600107e+08
341;342;-6.249326e+06
341;405;-4.999460e+07
341;406;-6.249326e+06
341;421;-1.433126e+07
341;423;-2.866252e+08
341;483;-1.230507e+08
342;11;-2.551016e+05
342;23;2.551016e+05
342;305;-3.710451e+04
342;341;-6.249326e+06
342;342;2.018662e+06
342;405;6.249326e+06
342;406;3.933100e+05
342;422;-5.565676e+05
342;482;1.266836e+05
343;19;2.551016e+05
343;22;6.249326e+06
343;23;1.407616e+07
343;302;1.266836e+05
343;343;3.148297e+06
343;402;3.933100e+05
343;403;-6.249326e+06
343;420;-2.530761e+05
343;424;-1.433126e+07
343;481;-3.710451e+04
344;306;-3.401355e+05
344;308;2.551016e+05
344;344;4.600107e+08
344;345;6.249326e+06
344;346;-1.407616e+07
344;452;6.249326e+06
344;455;-4.999460e+07
344;457;-2.866252e+08
344;459;-1.433126e+07
344;484;-1.230507e+08
345;9;-2.551016e+05
345;21;2.551016e+05
345;307;-3.710451e+04
345;344;6.249326e+06
345;345;2.018662e+06
345;452;3.933100e+05
345;455;-6.249326e+06
345;458;-5.565676e+05
345;485;1.266836e+05
346;8;2.551016e+05
346;20;-2.551016e+05
346;306;-2.551016e+05
346;308;1.266836e+05
346;344;-1.407616e+07
346;346;2.420767e+06
346;451;-2.226270e+05
346;457;1.433126e+07
346;459;-2.530761e+05
346;486;1.266836e+05
347;17;2.551016e+05
347;20;-6.249326e+06
347;21;1.407616e+07
347;309;1.266836e+05
347;347;3.148297e+06
347;450;3.933100e+05
347;453;6.249326e+06
347;460;-1.433126e+07
347;461;-2.530761e+05
347;487;-3.710451e+04
348;30;-4.377140e+08
348;264;3.282855e+07
348;348;1.693430e+10
348;350;3.282855e+07
348;402;-2.073389e+06
348;403;-8.293558e+06
348;450;2.073389e+06
348;453;-8.293558e+06
348;468;-1.648000e+10
349;263;-2.939039e+04
349;349;2.518727e+07
349;353;2.000000e+08
349;402;3.244195e+05
349;403;2.073389e+06
349;450;3.244195e+05
349;453;-2.073389e+06
349;472;-3.733333e+06
349;473;-2.000000e+08
350;30;-3.282855e+07
350;264;5.009111e+05
350;348;3.282855e+07
350;350;2.223405e+07
350;352;-1.759744e+08
350;407;-1.113135e+05
350;451;-1.113135e+05
350;469;1.759744e+08
350;471;9.385300e+03
351;261;-1.853019e+07
351;262;4.867464e+07
351;351;3.419550e+07
351;353;-4.867464e+07
351;405;-2.073389e+06
351;406;3.244195e+05
351;452;3.244195e+05
351;455;2.073389e+06
351;470;-6.939560e+06
352;265;-3.572727e+09
352;350;-1.759744e+08
352;352;7.108801e+09
352;405;-8.293558e+06
352;406;2.073389e+06
352;452;-2.073389e+06
352;455;-8.293558e+06
352;469;-3.519487e+09
352;471;-1.759744e+08
353;261;-4.867464e+07
353;262;-6.489953e+08
353;349;2.000000e+08
353;351;-4.867464e+07
353;353;5.387299e+09
353;404;-3.691520e+08
353;454;-3.691520e+08
353;472;2.000000e+08
353;473;-4.000000e+09
354;354;2.563803e+09
354;359;-3.664828e+07
354;403;-1.845760e+09
354;420;-5.496265e+07
354;425;-4.397012e+08
354;444;-2.050844e+08
354;468;-7.325746e+07
354;472;1.831437e+07
355;355;6.468163e+09
355;359;-1.363915e+07
355;402;-1.433126e+07
355;404;-2.866252e+08
355;424;-4.120000e+09
355;448;6.921089e+05
355;449;-1.538020e+06
355;473;-2.060000e+09
356;356;4.546549e+08
356;357;1.332018e+07
356;358;1.363915e+07
356;405;-2.866252e+08
356;407;1.433126e+07
356;422;1.831437e+07
356;423;-1.465149e+08
356;445;-6.921089e+05
356;446;-1.538020e+06
356;469;-1.997673e+07
356;470;-4.994182e+06
357;356;1.332018e+07
357;357;5.443750e+06
357;406;-5.565676e+05
357;422;1.430962e+06
357;423;-1.831437e+07
357;447;-6.184085e+04
357;469;4.994182e+06
357;470;8.193787e+05
358;356;1.363915e+07
358;358;3.465466e+06
358;405;-1.433126e+07
358;407;-2.530761e+05
358;421;-9.067178e+05
358;445;2.037113e+05
358;446;6.921089e+05
358;471;-4.533589e+05
359;354;-3.664828e+07
359;355;-1.363915e+07
359;359;1.870431e+07
359;402;-2.530761e+05
359;404;1.433126e+07
359;420;3.436998e+06
359;425;5.496265e+07
359;448;2.037113e+05
359;449;-6.921089e+05
359;468;-1.831437e+07
359;472;2.861925e+06
360;360;2.563803e+09
360;365;3.664828e+07
360;453;-1.845760e+09
360;456;-4.397012e+08
360;461;5.496265e+07
360;462;-2.050844e+08
360;468;-7.325746e+07
360;472;-1.831437e+07
361;361;6.468163e+09
361;365;-1.363915e+07
361;450;-1.433126e+07
361;454;-2.866252e+08
361;460;-4.120000e+09
361;463;6.921089e+05
361;467;-1.538020e+06
361;473;-2.060000e+09
362;362;4.546549e+08
362;363;-1.332018e+07
362;364;1.363915e+07
362;451;1.433126e+07
362;455;-2.866252e+08
362;457;-1.465149e+08
362;458;-1.831437e+07
362;464;-6.921089e+05
362;466;-1.538020e+06
362;469;-1.997673e+07
362;470;4.994182e+06
363;362;-1.332018e+07
363;363;5.443750e+06
363;452;-5.565676e+05
363;457;1.831437e+07
363;458;1.430962e+06
363;465;-6.184085e+04
363;469;-4.994182e+06
363;470;8.193787e+05
364;362;1.363915e+07
364;364;3.465466e+06
364;451;-2.530761e+05
364;455;-1.433126e+07
364;459;-9.067178e+05
364;464;2.037113e+05
364;466;6.921089e+05
364;471;-4.533589e+05
365;360;3.664828e+07
365;361;-1.363915e+07
365;365;1.870431e+07
365;450;-2.530761e+05
365;454;1.433126e+07
365;456;-5.496265e+07
365;461;3.436998e+06
365;463;2.037113e+05
365;467;-6.921089e+05
365;468;1.831437e+07
365;472;2.861925e+06
366;285;-1.113135e+05
366;293;-2.226270e+05
366;366;7.131606e+05
366;368;5.645121e+05
366;433;1.852921e+05
366;435;-5.645121e+05
367;283;2.073389e+06
367;284;3.244195e+05
367;294;3.933100e+05
367;295;-6.249326e+06
367;367;1.936953e+06
367;368;4.175936e+06
367;434;-5.565676e+04
368;283;-8.293558e+06
368;284;-2.073389e+06
368;294;6.249326e+06
368;295;-4.999460e+07
368;366;5.645121e+05
368;367;4.175936e+06
368;368;5.941719e+07
368;433;5.645121e+05
368;435;-1.129024e+06
369;24;6.249326e+06
369;280;3.244195e+05
369;281;-2.073389e+06
369;292;3.933100e+05
369;369;2.260516e+06
369;370;-5.645121e+05
369;371;-4.175936e+06
369;432;1.852921e+05
369;436;5.645121e+05
370;25;-7.383040e+08
370;282;-3.691520e+08
370;369;-5.645121e+05
370;370;1.108585e+09
370;432;-5.645121e+05
370;436;-1.129024e+06
371;24;-4.999460e+07
371;280;2.073389e+06
371;281;-8.293558e+06
371;292;-6.249326e+06
371;369;-4.175936e+06
371;371;2.428642e+08
371;437;-1.845760e+08
372;18;-4.999460e+07
372;286;2.073389e+06
372;287;-8.293558e+06
372;302;-6.249326e+06
372;372;1.813388e+08
372;377;-4.175936e+06
372;403;-1.230507e+08
373;291;-1.113135e+05
373;303;-2.226270e+05
373;373;5.899094e+05
373;375;-2.551016e+05
373;405;2.551016e+05
373;407;1.266836e+05
374;288;2.073389e+06
374;289;3.244195e+05
374;304;-6.249326e+06
374;305;3.933100e+05
374;374;1.918401e+06
374;375;4.175936e+06
374;406;-3.710451e+04
375;288;-8.293558e+06
375;289;-2.073389e+06
375;304;-4.999460e+07
375;305;6.249326e+06
375;373;-2.551016e+05
375;374;4.175936e+06
375;375;5.862830e+07
375;405;-3.401355e+05
375;407;-2.551016e+05
376;19;-7.383040e+08
376;290;-3.691520e+08
376;376;1.107796e+09
376;377;2.551016e+05
376;402;2.551016e+05
376;404;-3.401355e+05
377;18;6.249326e+06
377;286;3.244195e+05
377;287;-2.073389e+06
377;302;3.933100e+05
377;372;-4.175936e+06
377;376;2.551016e+05
377;377;2.137266e+06
377;402;1.266836e+05
377;404;-2.551016e+05
378;335;-7.383040e+08
378;378;9.255471e+08
378;381;-1.275968e+05
378;392;5.645121e+05
378;395;-1.129024e+06
378;430;-1.538020e+06
378;431;-6.921089e+05
378;436;-1.845760e+08
379;338;-2.226270e+05
379;379;1.076690e+06
379;383;1.275968e+05
379;390;1.852921e+05
379;391;5.645121e+05
379;427;2.037113e+05
379;429;-6.921089e+05
379;433;-5.565676e+04
380;334;-4.999460e+07
380;339;6.249326e+06
380;380;4.407841e+08
380;381;5.684814e+06
380;394;-1.845760e+08
380;426;-2.050844e+08
380;432;-5.645121e+05
380;437;-1.129024e+06
381;334;-6.249326e+06
381;339;3.933100e+05
381;378;-1.275968e+05
381;380;5.684814e+06
381;381;2.346648e+06
381;392;1.852921e+05
381;395;-5.645121e+05
381;430;6.921089e+05
381;431;2.037113e+05
381;432;1.852921e+05
381;437;5.645121e+05
382;336;6.249326e+06
382;337;3.933100e+05
382;382;1.665739e+06
382;383;-5.684814e+06
382;393;-5.565676e+04
382;428;-6.184085e+04
382;434;1.852921e+05
382;435;-5.645121e+05
383;336;-4.999460e+07
383;337;-6.249326e+06
383;379;1.275968e+05
383;382;-5.684814e+06
383;383;5.379067e+07
383;390;-5.645121e+05
383;391;-1.129024e+06
383;427;6.921089e+05
383;429;-1.538020e+06
383;434;5.645121e+05
383;435;-1.129024e+06
384;291;-1.113135e+05
384;308;-2.226270e+05
384;384;5.899094e+05
384;387;-2.551016e+05
384;451;1.266836e+05
384;455;2.551016e+05
385;16;-4.999460e+07
385;286;-2.073389e+06
385;287;-8.293558e+06
385;309;6.249326e+06
385;385;1.813388e+08
385;389;4.175936e+06
385;453;-1.230507e+08
386;17;-7.383040e+08
386;290;-3.691520e+08
386;386;1.107796e+09
386;389;2.551016e+05
386;450;2.551016e+05
386;454;-3.401355e+05
387;288;-8.293558e+06
387;289;2.073389e+06
387;306;-4.999460e+07
387;307;-6.249326e+06
387;384;-2.551016e+05
387;387;5.862830e+07
387;388;-4.175936e+06
387;451;-2.551016e+05
387;455;-3.401355e+05
388;288;-2.073389e+06
388;289;3.244195e+05
388;306;6.249326e+06
388;307;3.933100e+05
388;387;-4.175936e+06
388;388;1.918401e+06
388;452;-3.710451e+04
389;16;-6.249326e+06
389;286;3.244195e+05
389;287;2.073389e+06
389;309;3.933100e+05
389;385;4.175936e+06
389;386;2.551016e+05
389;389;2.137266e+06
389;450;1.266836e+05
389;454;-2.551016e+05
390;285;-1.113135e+05
390;300;-2.226270e+05
390;379;1.852921e+05
390;383;-5.645121e+05
390;390;7.131606e+05
390;391;5.645121e+05
391;283;-8.293558e+06
391;284;2.073389e+06
391;297;-4.999460e+07
391;299;-6.249326e+06
391;379;5.645121e+05
391;383;-1.129024e+06
391;390;5.645121e+05
391;391;5.941719e+07
391;393;-4.175936e+06
392;280;3.244195e+05
392;281;2.073389e+06
392;296;-6.249326e+06
392;301;3.933100e+05
392;378;5.645121e+05
392;381;1.852921e+05
392;392;2.260516e+06
392;394;4.175936e+06
392;395;-5.645121e+05
393;283;-2.073389e+06
393;284;3.244195e+05
393;297;6.249326e+06
393;299;3.933100e+05
393;382;-5.565676e+04
393;391;-4.175936e+06
393;393;1.936953e+06
394;280;-2.073389e+06
394;281;-8.293558e+06
394;296;-4.999460e+07
394;301;6.249326e+06
394;380;-1.845760e+08
394;392;4.175936e+06
394;394;2.428642e+08
395;282;-3.691520e+08
395;298;-7.383040e+08
395;378;-1.129024e+06
395;381;-5.645121e+05
395;392;-5.645121e+05
395;395;1.108585e+09
396;310;-1.997673e+07
396;314;-4.994182e+06
396;396;4.546549e+08
396;398;1.332018e+07
396;401;1.363915e+07
396;433;-6.921089e+05
396;435;-1.538020e+06
396;440;-1.465149e+08
396;441;1.831437e+07
396;445;1.433126e+07
396;446;-2.866252e+08
397;311;-2.060000e+09
397;397;6.468163e+09
397;400;-1.363915e+07
397;432;6.921089e+05
397;436;-1.538020e+06
397;439;-4.120000e+09
397;448;-1.433126e+07
397;449;-2.866252e+08
398;310;4.994182e+06
398;314;8.193787e+05
398;396;1.332018e+07
398;398;5.443750e+06
398;434;-6.184085e+04
398;440;-1.831437e+07
398;441;1.430962e+06
398;447;-5.565676e+05
399;312;-7.325746e+07
399;315;1.831437e+07
399;399;2.563803e+09
399;400;-3.664828e+07
399;437;-2.050844e+08
399;438;-4.397012e+08
399;443;-5.496265e+07
399;444;-1.845760e+09
400;312;-1.831437e+07
400;315;2.861925e+06
400;397;-1.363915e+07
400;399;-3.664828e+07
400;400;1.870431e+07
400;432;2.037113e+05
400;436;-6.921089e+05
400;438;5.496265e+07
400;443;3.436998e+06
400;448;-2.530761e+05
400;449;1.433126e+07
401;313;-4.533589e+05
401;396;1.363915e+07
401;401;3.465466e+06
401;433;2.037113e+05
401;435;6.921089e+05
401;442;-9.067178e+05
401;445;-2.530761e+05
401;446;-1.433126e+07
402;22;6.249326e+06
402;343;3.933100e+05
402;348;-2.073389e+06
402;349;3.244195e+05
402;355;-1.433126e+07
402;359;-2.530761e+05
402;376;2.551016e+05
402;377;1.266836e+05
402;402;3.823468e+06
402;403;-4.175936e+06
402;404;1.407616e+07
403;22;-4.999460e+07
403;343;-6.249326e+06
403;348;-8.293558e+06
403;349;2.073389e+06
403;354;-1.845760e+09
403;372;-1.230507e+08
403;402;-4.175936e+06
403;403;2.027099e+09
404;23;-7.383040e+08
404;353;-3.691520e+08
404;355;-2.866252e+08
404;359;1.433126e+07
404;376;-3.401355e+05
404;377;-2.551016e+05
404;402;1.407616e+07
404;404;1.394421e+09
405;341;-4.999460e+07
405;342;6.249326e+06
405;351;-2.073389e+06
405;352;-8.293558e+06
405;356;-2.866252e+08
405;358;-1.433126e+07
405;373;2.551016e+05
405;375;-3.401355e+05
405;405;3.452536e+08
405;406;4.175936e+06
405;407;-1.407616e+07
406;341;-6.249326e+06
406;342;3.933100e+05
406;351;3.244195e+05
406;352;2.073389e+06
406;357;-5.565676e+05
406;374;-3.710451e+04
406;405;4.175936e+06
406;406;2.474969e+06
407;340;-2.226270e+05
407;350;-1.113135e+05
407;356;1.433126e+07
407;358;-2.530761e+05
407;373;1.266836e+05
407;375;-2.551016e+05
407;405;-1.407616e+07
407;407;2.276112e+06
408;32;-4.377140e+08
408;269;-3.282855e+07
408;322;-2.866252e+08
408;327;-1.433126e+07
408;335;-1.538020e+06
408;339;6.921089e+05
408;408;4.845877e+09
408;410;-3.282855e+07
408;412;-1.363915e+07
408;430;-4.120000e+09
409;266;-6.489953e+08
409;267;4.867464e+07
409;326;-1.845760e+09
409;334;-2.050844e+08
409;409;3.139541e+09
409;412;-5.496265e+07
409;413;4.867464e+07
409;426;-4.397012e+08
409;431;-5.496265e+07
410;32;3.282855e+07
410;269;5.009111e+05
410;324;-5.565676e+05
410;337;-6.184085e+04
410;408;-3.282855e+07
410;410;8.189409e+06
410;411;1.831437e+07
410;428;1.430962e+06
410;429;-1.831437e+07
411;268;-3.572727e+09
411;323;-2.866252e+08
411;325;1.433126e+07
411;336;-1.538020e+06
411;338;-6.921089e+05
411;410;1.831437e+07
411;411;4.007405e+09
411;413;1.363915e+07
411;428;1.831437e+07
411;429;-1.465149e+08
412;270;-2.939039e+04
412;322;1.433126e+07
412;327;-2.530761e+05
412;335;-6.921089e+05
412;339;2.037113e+05
412;408;-1.363915e+07
412;409;-5.496265e+07
412;412;1.243844e+07
412;426;5.496265e+07
412;431;3.436998e+06
413;266;-4.867464e+07
413;267;-1.853019e+07
413;323;-1.433126e+07
413;325;-2.530761e+05
413;336;6.921089e+05
413;338;2.037113e+05
413;409;4.867464e+07
413;411;1.363915e+07
413;413;2.884350e+07
413;427;-9.067178e+05
414;28;-4.708572e+09
414;312;-1.648000e+10
414;414;2.120516e+10
414;444;-8.293558e+06
414;448;-2.073389e+06
414;462;-8.293558e+06
414;463;2.073389e+06
415;29;-3.063482e+08
415;279;-5.361093e+07
415;311;-4.000000e+09
415;315;2.000000e+08
415;415;5.044652e+09
415;418;1.463891e+08
415;449;-3.691520e+08
415;467;-3.691520e+08
416;276;3.701603e+07
416;278;-2.115202e+08
416;310;-3.519487e+09
416;313;-1.759744e+08
416;416;3.747595e+09
416;417;-1.389583e+08
416;446;-8.293558e+06
416;447;2.073389e+06
416;465;-2.073389e+06
416;466;-8.293558e+06
417;276;3.966568e+06
417;278;-3.701603e+07
417;310;1.759744e+08
417;313;9.385300e+03
417;416;-1.389583e+08
417;417;2.679972e+07
417;445;-1.113135e+05
417;464;-1.113135e+05
418;29;5.361093e+07
418;279;5.458104e+06
418;311;-2.000000e+08
418;315;-3.733333e+06
418;415;1.463891e+08
418;418;3.846361e+07
418;444;2.073389e+06
418;448;3.244195e+05
418;462;-2.073389e+06
418;463;3.244195e+05
419;277;-1.982731e+06
419;314;-6.939560e+06
419;419;1.034684e+07
419;446;-2.073389e+06
419;447;3.244195e+05
419;465;3.244195e+05
419;466;2.073389e+06
420;23;1.433126e+07
420;317;-6.921089e+05
420;321;2.037113e+05
420;343;-2.530761e+05
420;354;-5.496265e+07
420;359;3.436998e+06
420;420;1.240905e+07
420;424;-1.363915e+07
420;425;5.496265e+07
421;319;6.921089e+05
421;320;2.037113e+05
421;340;-2.530761e+05
421;341;-1.433126e+07
421;358;-9.067178e+05
421;421;3.012107e+06
421;423;1.363915e+07
422;316;-6.184085e+04
422;342;-5.565676e+05
422;356;1.831437e+07
422;357;1.430962e+06
422;422;3.766038e+06
422;423;-1.831437e+07
423;319;-1.538020e+06
423;320;-6.921089e+05
423;340;1.433126e+07
423;341;-2.866252e+08
423;356;-1.465149e+08
423;357;-1.831437e+07
423;421;1.363915e+07
423;422;-1.831437e+07
423;423;4.346782e+08
424;23;-2.866252e+08
424;317;-1.538020e+06
424;321;6.921089e+05
424;343;-1.433126e+07
424;355;-4.120000e+09
424;420;-1.363915e+07
424;424;4.408163e+09
425;22;-1.845760e+09
425;318;-2.050844e+08
425;354;-4.397012e+08
425;359;5.496265e+07
425;420;5.496265e+07
425;425;2.490546e+09
426;312;-7.325746e+07
426;315;-1.831437e+07
426;380;-2.050844e+08
426;409;-4.397012e+08
426;412;5.496265e+07
426;426;2.563803e+09
426;431;3.664828e+07
426;462;-1.845760e+09
427;313;-4.533589e+05
427;379;2.037113e+05
427;383;6.921089e+05
427;413;-9.067178e+05
427;427;3.465466e+06
427;429;1.363915e+07
427;464;-2.530761e+05
427;466;-1.433126e+07
428;310;-4.994182e+06
428;314;8.193787e+05
428;382;-6.184085e+04
428;410;1.430962e+06
428;411;1.831437e+07
428;428;5.443750e+06
428;429;-1.332018e+07
428;465;-5.565676e+05
429;310;-1.997673e+07
429;314;4.994182e+06
429;379;-6.921089e+05
429;383;-1.538020e+06
429;410;-1.831437e+07
429;411;-1.465149e+08
429;427;1.363915e+07
429;428;-1.332018e+07
429;429;4.546549e+08
429;464;1.433126e+07
429;466;-2.866252e+08
430;311;-2.060000e+09
430;378;-1.538020e+06
430;381;6.921089e+05
430;408;-4.120000e+09
430;430;6.468163e+09
430;431;-1.363915e+07
430;463;-1.433126e+07
430;467;-2.866252e+08
431;312;1.831437e+07
431;315;2.861925e+06
431;378;-6.921089e+05
431;381;2.037113e+05
431;409;-5.496265e+07
431;412;3.436998e+06
431;426;3.664828e+07
431;430;-1.363915e+07
431;431;1.870431e+07
431;463;-2.530761e+05
431;467;1.433126e+07
432;331;6.249326e+06
432;332;3.933100e+05
432;369;1.852921e+05
432;370;-5.645121e+05
432;380;-5.645121e+05
432;381;1.852921e+05
432;397;6.921089e+05
432;400;2.037113e+05
432;432;2.346648e+06
432;436;-1.275968e+05
432;437;-5.684814e+06
433;328;-2.226270e+05
433;366;1.852921e+05
433;368;5.645121e+05
433;379;-5.565676e+04
433;396;-6.921089e+05
433;401;2.037113e+05
433;433;1.076690e+06
433;435;1.275968e+05
434;329;-6.249326e+06
434;333;3.933100e+05
434;367;-5.565676e+04
434;382;1.852921e+05
434;383;5.645121e+05
434;398;-6.184085e+04
434;434;1.665739e+06
434;435;5.684814e+06
435;329;-4.999460e+07
435;333;6.249326e+06
435;366;-5.645121e+05
435;368;-1.129024e+06
435;382;-5.645121e+05
435;383;-1.129024e+06
435;396;-1.538020e+06
435;401;6.921089e+05
435;433;1.275968e+05
435;434;5.684814e+06
435;435;5.379067e+07
436;330;-7.383040e+08
436;369;5.645121e+05
436;370;-1.129024e+06
436;378;-1.845760e+08
436;397;-1.538020e+06
436;400;-6.921089e+05
436;432;-1.275968e+05
436;436;9.255471e+08
437;331;-4.999460e+07
437;332;-6.249326e+06
437;371;-1.845760e+08
437;380;-1.129024e+06
437;381;5.645121e+05
437;399;-2.050844e+08
437;432;-5.684814e+06
437;437;4.407841e+08
438;318;-1.845760e+09
438;331;-2.050844e+08
438;399;-4.397012e+08
438;400;5.496265e+07
438;438;2.490546e+09
438;443;5.496265e+07
439;317;-2.866252e+08
439;321;-1.433126e+07
439;330;-1.538020e+06
439;332;6.921089e+05
439;397;-4.120000e+09
439;439;4.408163e+09
439;443;-1.363915e+07
440;319;-2.866252e+08
440;320;1.433126e+07
440;328;-6.921089e+05
440;329;-1.538020e+06
440;396;-1.465149e+08
440;398;-1.831437e+07
440;440;4.346782e+08
440;441;-1.831437e+07
440;442;1.363915e+07
441;316;-5.565676e+05
441;333;-6.184085e+04
441;396;1.831437e+07
441;398;1.430962e+06
441;440;-1.831437e+07
441;441;3.766038e+06
442;319;-1.433126e+07
442;320;-2.530761e+05
442;328;2.037113e+05
442;329;6.921089e+05
442;401;-9.067178e+05
442;440;1.363915e+07
442;442;3.012107e+06
443;317;1.433126e+07
443;321;-2.530761e+05
443;330;-6.921089e+05
443;332;2.037113e+05
443;399;-5.496265e+07
443;400;3.436998e+06
443;438;5.496265e+07
443;439;-1.363915e+07
443;443;1.240905e+07
444;318;-4.999460e+07
444;321;-6.249326e+06
444;354;-2.050844e+08
444;399;-1.845760e+09
444;414;-8.293558e+06
444;418;2.073389e+06
444;444;2.109133e+09
444;448;-4.175936e+06
445;320;-2.226270e+05
445;356;-6.921089e+05
445;358;2.037113e+05
445;396;1.433126e+07
445;401;-2.530761e+05
445;417;-1.113135e+05
445;445;2.439330e+06
445;446;-1.363915e+07
446;316;6.249326e+06
446;319;-4.999460e+07
446;356;-1.538020e+06
446;358;6.921089e+05
446;396;-2.866252e+08
446;401;-1.433126e+07
446;416;-8.293558e+06
446;419;-2.073389e+06
446;445;-1.363915e+07
446;446;3.464515e+08
446;447;4.175936e+06
447;316;3.933100e+05
447;319;-6.249326e+06
447;357;-6.184085e+04
447;398;-5.565676e+05
447;416;2.073389e+06
447;419;3.244195e+05
447;446;4.175936e+06
447;447;2.499705e+06
448;318;6.249326e+06
448;321;3.933100e+05
448;355;6.921089e+05
448;359;2.037113e+05
448;397;-1.433126e+07
448;400;-2.530761e+05
448;414;-2.073389e+06
448;418;3.244195e+05
448;444;-4.175936e+06
448;448;3.986686e+06
448;449;1.363915e+07
449;317;-7.383040e+08
449;355;-1.538020e+06
449;359;-6.921089e+05
449;397;-2.866252e+08
449;400;1.433126e+07
449;415;-3.691520e+08
449;448;1.363915e+07
449;449;1.395619e+09
450;20;-6.249326e+06
450;347;3.933100e+05
450;348;2.073389e+06
450;349;3.244195e+05
450;361;-1.433126e+07
450;365;-2.530761e+05
450;386;2.551016e+05
450;389;1.266836e+05
450;450;3.823468e+06
450;453;4.175936e+06
450;454;1.407616e+07
451;346;-2.226270e+05
451;350;-1.113135e+05
451;362;1.433126e+07
451;364;-2.530761e+05
451;384;1.266836e+05
451;387;-2.551016e+05
451;451;2.276112e+06
451;455;-1.407616e+07
452;344;6.249326e+06
452;345;3.933100e+05
452;351;3.244195e+05
452;352;-2.073389e+06
452;363;-5.565676e+05
452;388;-3.710451e+04
452;452;2.474969e+06
452;455;-4.175936e+06
453;20;-4.999460e+07
453;347;6.249326e+06
453;348;-8.293558e+06
453;349;-2.073389e+06
453;360;-1.845760e+09
453;385;-1.230507e+08
453;450;4.175936e+06
453;453;2.027099e+09
454;21;-7.383040e+08
454;353;-3.691520e+08
454;361;-2.866252e+08
454;365;1.433126e+07
454;386;-3.401355e+05
454;389;-2.551016e+05
454;450;1.407616e+07
454;454;1.394421e+09
455;344;-4.999460e+07
455;345;-6.249326e+06
455;351;2.073389e+06
455;352;-8.293558e+06
455;362;-2.866252e+08
455;364;-1.433126e+07
455;384;2.551016e+05
455;387;-3.401355e+05
455;451;-1.407616e+07
455;452;-4.175936e+06
455;455;3.452536e+08
456;20;-1.845760e+09
456;271;4.867464e+07
456;273;-6.489953e+08
456;326;-2.050844e+08
456;360;-4.397012e+08
456;365;-5.496265e+07
456;456;3.139541e+09
456;459;4.867464e+07
456;461;-5.496265e+07
457;274;-3.572727e+09
457;323;-1.538020e+06
457;325;-6.921089e+05
457;344;-2.866252e+08
457;346;1.433126e+07
457;362;-1.465149e+08
457;363;1.831437e+07
457;457;4.007405e+09
457;458;1.831437e+07
457;459;1.363915e+07
458;31;3.282855e+07
458;272;5.009111e+05
458;324;-6.184085e+04
458;345;-5.565676e+05
458;362;-1.831437e+07
458;363;1.430962e+06
458;457;1.831437e+07
458;458;8.189409e+06
458;460;-3.282855e+07
459;271;-1.853019e+07
459;273;-4.867464e+07
459;323;6.921089e+05
459;325;2.037113e+05
459;344;-1.433126e+07
459;346;-2.530761e+05
459;364;-9.067178e+05
459;456;4.867464e+07
459;457;1.363915e+07
459;459;2.884350e+07
460;21;-2.866252e+08
460;31;-4.377140e+08
460;272;-3.282855e+07
460;322;-1.538020e+06
460;327;6.921089e+05
460;347;-1.433126e+07
460;361;-4.120000e+09
460;458;-3.282855e+07
460;460;4.845877e+09
460;461;-1.363915e+07
461;21;1.433126e+07
461;275;-2.939039e+04
461;322;-6.921089e+05
461;327;2.037113e+05
461;347;-2.530761e+05
461;360;5.496265e+07
461;365;3.436998e+06
461;456;-5.496265e+07
461;460;-1.363915e+07
461;461;1.243844e+07
462;326;-4.999460e+07
462;327;6.249326e+06
462;360;-2.050844e+08
462;414;-8.293558e+06
462;418;-2.073389e+06
462;426;-1.845760e+09
462;462;2.109133e+09
462;463;4.175936e+06
463;326;-6.249326e+06
463;327;3.933100e+05
463;361;6.921089e+05
463;365;2.037113e+05
463;414;2.073389e+06
463;418;3.244195e+05
463;430;-1.433126e+07
463;431;-2.530761e+05
463;462;4.175936e+06
463;463;3.986686e+06
463;467;1.363915e+07
464;325;-2.226270e+05
464;362;-6.921089e+05
464;364;2.037113e+05
464;417;-1.113135e+05
464;427;-2.530761e+05
464;429;1.433126e+07
464;464;2.439330e+06
464;466;-1.363915e+07
465;323;6.249326e+06
465;324;3.933100e+05
465;363;-6.184085e+04
465;416;-2.073389e+06
465;419;3.244195e+05
465;428;-5.565676e+05
465;465;2.499705e+06
465;466;-4.175936e+06
466;323;-4.999460e+07
466;324;-6.249326e+06
466;362;-1.538020e+06
466;364;6.921089e+05
466;416;-8.293558e+06
466;419;2.073389e+06
466;427;-1.433126e+07
466;429;-2.866252e+08
466;464;-1.363915e+07
466;465;-4.175936e+06
466;466;3.464515e+08
467;322;-7.383040e+08
467;361;-1.538020e+06
467;365;-6.921089e+05
467;415;-3.691520e+08
467;430;-2.866252e+08
467;431;1.433126e+07
467;463;1.363915e+07
467;467;1.395619e+09
468;28;-2.996364e+09
468;348;-1.648000e+10
468;354;-7.325746e+07
468;359;-1.831437e+07
468;360;-7.325746e+07
468;365;1.831437e+07
468;468;1.962288e+10
469;276;-1.635387e+07
469;278;-5.946862e+07
469;350;1.759744e+08
469;352;-3.519487e+09
469;356;-1.997673e+07
469;357;4.994182e+06
469;362;-1.997673e+07
469;363;-4.994182e+06
469;469;3.618909e+09
469;471;1.596205e+08
470;277;-1.261738e+06
470;351;-6.939560e+06
470;356;-4.994182e+06
470;357;8.193787e+05
470;362;4.994182e+06
470;363;8.193787e+05
470;470;1.155672e+07
471;276;2.899254e+06
471;278;1.635387e+07
471;350;9.385300e+03
471;352;-1.759744e+08
471;358;-4.533589e+05
471;364;-4.533589e+05
471;469;1.596205e+08
471;471;2.459014e+07
472;29;-2.469284e+07
472;279;4.293560e+06
472;349;-3.733333e+06
472;353;2.000000e+08
472;354;1.831437e+07
472;359;2.861925e+06
472;360;-1.831437e+07
472;365;2.861925e+06
472;472;4.561135e+07
472;473;-1.753072e+08
473;29;-8.979214e+07
473;279;2.469284e+07
473;349;-2.000000e+08
473;353;-4.000000e+09
473;355;-2.060000e+09
473;361;-2.060000e+09
473;472;-1.753072e+08
473;473;8.209792e+09
474;8;-1.230507e+08
474;14;-4.999460e+07
474;16;-3.401355e+05
474;70;-6.249326e+06
474;105;-3.401355e+05
474;109;-2.551016e+05
474;308;2.551016e+05
474;474;1.737255e+08
474;479;-6.249326e+06
475;9;-3.401355e+05
475;15;-7.383040e+08
475;17;-3.401355e+05
475;106;-3.401355e+05
475;108;2.551016e+05
475;307;-2.551016e+05
475;475;7.393244e+08
475;479;2.551016e+05
475;487;2.551016e+05
476;67;-4.999460e+07
476;68;6.249326e+06
476;107;-1.230507e+08
476;306;-1.230507e+08
476;476;2.964361e+08
476;477;6.249326e+06
476;478;-2.551016e+05
476;484;-3.401355e+05
476;486;-2.551016e+05
477;17;2.551016e+05
477;67;-6.249326e+06
477;68;3.933100e+05
477;106;-2.551016e+05
477;108;1.266836e+05
477;307;1.266836e+05
477;476;6.249326e+06
477;477;1.718064e+06
477;485;-3.710451e+04
478;16;-2.551016e+05
478;69;-2.226270e+05
478;105;2.551016e+05
478;109;1.266836e+05
478;308;1.266836e+05
478;476;-2.551016e+05
478;478;9.905335e+05
478;484;2.551016e+05
478;486;1.266836e+05
479;9;-2.551016e+05
479;14;6.249326e+06
479;70;3.933100e+05
479;110;-3.710451e+04
479;309;-3.710451e+04
479;474;-6.249326e+06
479;475;2.551016e+05
479;479;1.499199e+06
479;487;1.266836e+05
480;2;2.551016e+05
480;22;-2.551016e+05
480;136;5.645121e+05
480;138;1.852921e+05
480;180;-2.226270e+05
480;246;1.266836e+05
480;340;1.266836e+05
480;480;1.369754e+06
480;483;-3.094105e+05
480;488;-2.551016e+05
480;491;1.266836e+05
481;10;6.249326e+06
481;11;3.094105e+05
481;135;-5.645121e+05
481;139;1.852921e+05
481;175;3.933100e+05
481;176;-6.249326e+06
481;245;-3.710451e+04
481;343;-3.710451e+04
481;481;1.878419e+06
481;489;1.266836e+05
481;490;2.551016e+05
482;3;-2.551016e+05
482;23;2.551016e+05
482;137;-5.565676e+04
482;178;6.249326e+06
482;179;3.933100e+05
482;247;1.266836e+05
482;342;1.266836e+05
482;482;1.773720e+06
482;483;-6.249326e+06
482;492;-3.710451e+04
483;136;-1.129024e+06
483;138;-5.645121e+05
483;178;-4.999460e+07
483;179;-6.249326e+06
483;248;-1.230507e+08
483;341;-1.230507e+08
483;480;-3.094105e+05
483;482;-6.249326e+06
483;483;2.975651e+08
483;488;-3.401355e+05
483;491;2.551016e+05
484;145;-1.129024e+06
484;146;-5.645121e+05
484;164;-4.999460e+07
484;165;6.249326e+06
484;241;-1.230507e+08
484;344;-1.230507e+08
484;476;-3.401355e+05
484;478;2.551016e+05
484;484;2.975651e+08
484;485;6.249326e+06
484;486;-3.094105e+05
485;1;-2.551016e+05
485;21;2.551016e+05
485;144;-5.565676e+04
485;164;-6.249326e+06
485;165;3.933100e+05
485;242;1.266836e+05
485;345;1.266836e+05
485;477;-3.710451e+04
485;484;6.249326e+06
485;485;1.773720e+06
486;0;2.551016e+05
486;20;-2.551016e+05
486;145;5.645121e+05
486;146;1.852921e+05
486;166;-2.226270e+05
486;243;1.266836e+05
486;346;1.266836e+05
486;476;-2.551016e+05
486;478;1.266836e+05
486;484;-3.094105e+05
486;486;1.369754e+06
487;8;-6.249326e+06
487;9;3.094105e+05
487;141;-5.645121e+05
487;142;1.852921e+05
487;167;6.249326e+06
487;168;3.933100e+05
487;244;-3.710451e+04
487;347;-3.710451e+04
487;475;2.551016e+05
487;479;1.266836e+05
487;487;1.878419e+06
488;59;-4.999460e+07
488;60;-6.249326e+06
488;101;-1.230507e+08
488;304;-1.230507e+08
488;480;-2.551016e+05
488;483;-3.401355e+05
488;488;2.964361e+08
488;491;-2.551016e+05
488;492;-6.249326e+06
489;11;-2.551016e+05
489;26;-6.249326e+06
489;57;3.933100e+05
489;104;-3.710451e+04
489;302;-3.710451e+04
489;481;1.266836e+05
489;489;1.499199e+06
489;490;2.551016e+05
489;493;6.249326e+06
490;11;-3.401355e+05
490;19;-3.401355e+05
490;27;-7.383040e+08
490;100;-3.401355e+05
490;102;2.551016e+05
490;305;-2.551016e+05
490;481;2.551016e+05
490;489;2.551016e+05
490;490;7.393244e+08
491;18;-2.551016e+05
491;58;-2.226270e+05
491;99;2.551016e+05
491;103;1.266836e+05
491;303;1.266836e+05
491;480;1.266836e+05
491;483;2.551016e+05
491;488;-2.551016e+05
491;491;9.905335e+05
492;19;2.551016e+05
492;59;6.249326e+06
492;60;3.933100e+05
492;100;-2.551016e+05
492;102;1.266836e+05
492;305;1.266836e+05
492;482;-3.710451e+04
492;488;-6.249326e+06
492;492;1.718064e+06
493;10;-1.230507e+08
493;18;-3.401355e+05
493;26;-4.999460e+07
493;57;6.249326e+06
493;99;-3.401355e+05
493;103;-2.551016e+05
493;303;2.551016e+05
493;489;6.249326e+06
493;493;1.737255e+08
494;12;6.249326e+06
494;13;-5.645121e+05
494;33;-6.249326e+06
494;37;3.933100e+05
494;80;-3.710451e+04
494;87;1.852921e+05
494;89;5.645121e+05
494;292;-3.710451e+04
494;494;1.622450e+06
495;5;-2.551016e+05
495;25;2.551016e+05
495;34;6.249326e+06
495;35;3.933100e+05
495;78;1.266836e+05
495;90;-5.565676e+04
495;294;1.266836e+05
495;495;1.736616e+06
495;496;-6.249326e+06
496;34;-4.999460e+07
496;35;-6.249326e+06
496;77;-1.230507e+08
496;91;5.645121e+05
496;92;-1.129024e+06
496;295;-1.230507e+08
496;495;-6.249326e+06
496;496;2.972250e+08
496;497;5.645121e+05
497;4;2.551016e+05
497;24;-2.551016e+05
497;36;-2.226270e+05
497;79;1.266836e+05
497;91;1.852921e+05
497;92;-5.645121e+05
497;293;1.266836e+05
497;496;5.645121e+05
497;497;1.113785e+06
498;39;6.249326e+06
498;44;3.933100e+05
498;84;-3.710451e+04
498;93;1.852921e+05
498;96;5.645121e+05
498;301;-3.710451e+04
498;498;1.622450e+06
498;501;-6.249326e+06
498;503;-5.645121e+05
499;43;-2.226270e+05
499;81;2.551016e+05
499;82;1.266836e+05
499;94;1.852921e+05
499;98;-5.645121e+05
499;296;-2.551016e+05
499;300;1.266836e+05
499;499;1.113785e+06
499;500;5.645121e+05
500;41;-4.999460e+07
500;42;6.249326e+06
500;86;-1.230507e+08
500;94;5.645121e+05
500;98;-1.129024e+06
500;297;-1.230507e+08
500;499;5.645121e+05
500;500;2.972250e+08
500;502;6.249326e+06
501;39;-4.999460e+07
501;44;-6.249326e+06
501;81;-3.401355e+05
501;82;-2.551016e+05
501;97;-1.845760e+08
501;296;-3.401355e+05
501;300;2.551016e+05
501;498;-6.249326e+06
501;501;2.352509e+08
502;41;-6.249326e+06
502;42;3.933100e+05
502;83;1.266836e+05
502;85;-2.551016e+05
502;95;-5.565676e+04
502;298;2.551016e+05
502;299;1.266836e+05
502;500;6.249326e+06
502;502;1.736616e+06
503;40;-7.383040e+08
503;83;2.551016e+05
503;85;-3.401355e+05
503;93;-5.645121e+05
503;96;-1.129024e+06
503;298;-3.401355e+05
503;299;-2.551016e+05
503;498;-5.645121e+05
503;503;7.401133e+08
