0.000000
0.000087
0.000350
0.000785
0.001398
0.002181
0.003145
0.004273
0.005589
0.007062
0.008730
0.010541
0.012562
0.014718
0.017092
0.019571
0.022302
0.025130
0.028206
0.031352
0.034777
0.038260
0.042049
0.045853
0.049981
0.054111
0.058571
0.063031
0.067836
0.072599
0.077764
0.082820
0.088356
0.093719
0.099526
0.105196
0.111372
0.117352
0.123816
0.130111
0.136902
0.143422
0.150543
0.157436
0.164924
0.171970
0.179745
0.187087
0.195255
0.202832
0.211220
0.219114
0.227827
0.235982
0.245015
0.253333
0.262740
0.271263
0.280972
0.289819
0.299625
0.308750
0.318883
0.328202
0.338627
0.348210
0.358933
0.368422
0.379597
0.389451
0.400866
0.410845
0.422367
0.432531
0.444426
0.454702
0.466730
0.477393
0.489481
0.500324
0.512951
0.523708
0.536627
0.547561
0.560374
0.571435
0.584736
0.596011
0.609484
0.620779
0.634338
0.645792
0.659366
0.671222
0.684965
0.696736
0.710722
0.722738
0.736656
0.748468
0.763333
0.774968
0.789509
0.801273
0.816258
0.828402
0.843003
0.855086
0.869890
0.881850
0.896893
0.908847
0.924164
0.936313
0.951432
0.963589
0.978719
0.991141
1.006421
1.018423
1.034066
1.045940
1.061248
1.073540
1.088984
1.101095
1.116687
1.128775
1.144208
1.156102
1.171787
1.183480
1.199129
1.211054
1.226856
1.238197
1.253980
1.265508
1.281150
1.292698
1.306944
1.316889
1.332208
1.341827
1.357297
1.367016
1.382291
1.393319
1.408273
1.419431
1.434782
1.445874
1.461245
1.472113
1.486701
1.496568
1.511082
1.518749
1.529068
1.533327
1.541255
1.541715
1.546735
1.546238
1.549923
1.548830
1.553042
1.551674
1.557003
1.555430
1.559452
1.556982
1.560170
1.557911
1.559470
1.554077
1.552508
1.544679
1.541958
1.533694
1.528939
1.519141
1.514398
1.502722
1.495117
1.478523
1.468609
1.453301
1.443895
1.427562
1.417323
1.400856
1.390941
1.373914
1.362506
1.345720
1.334925
1.317620
1.307634
1.290883
1.280385
1.262616
1.251067
1.233175
1.222143
1.202926
1.188293
1.162765
1.142110
1.110355
1.083270
1.044154
1.010170
0.966657
0.928106
0.881732
0.838188
0.786125
0.740749
0.688391
0.641653
0.582151
0.527899
0.467249
0.413315
0.352657
0.299010
0.240848
0.194002
0.144569
0.105219
0.058086
0.022643
-0.014621
-0.039385
-0.066253
-0.083959
-0.106593
-0.119819
-0.138802
-0.149621
-0.170092
-0.185254
-0.211881
-0.236594
-0.272761
-0.307600
-0.354145
-0.399717
-0.457075
-0.511399
-0.576571
-0.637013
-0.708013
-0.771022
-0.842474
-0.907000
-0.979356
-1.044173
-1.113204
-1.175728
-1.244081
-1.304749
-1.370470
-1.424987
-1.481797
-1.529517
-1.581968
-1.623651
-1.671534
-1.708761
-1.750735
-1.781230
-1.819846
-1.853312
-1.894478
-1.931367
-1.973905
-2.013231
-2.059854
-2.101311
-2.151841
-2.197834
-2.252239
-2.300541
-2.355284
-2.402343
-2.453874
-2.497026
-2.547410
-2.591515
-2.640414
-2.683744
-2.731303
-2.770726
-2.819012
-2.860598
-2.911015
-2.952407
-3.000580
-3.040455
-3.087724
-3.127696
-3.173851
-3.213144
-3.258169
-3.297850
-3.341358
-3.379505
-3.424611
-3.464405
-3.510979
-3.552792
-3.602256
-3.644536
-3.694727
-3.736087
-3.785342
-3.825846
-3.872728
-3.909051
-3.950686
-3.984281
-4.023478
-4.052891
-4.086195
-4.109007
-4.135660
-4.154968
-4.181347
-4.202059
-4.228309
-4.249102
-4.280195
-4.306138
-4.341589
-4.373489
-4.413800
-4.449736
-4.492371
-4.527597
-4.570749
-4.607944
-4.650548
-4.685079
-4.723727
-4.753689
-4.788205
-4.813954
-4.844256
-4.864726
-4.889700
-4.905650
-4.924619
-4.933821
-4.947511
-4.949996
-4.957326
-4.952854
-4.953565
-4.945848
-4.938906
-4.919679
-4.905957
-4.886230
-4.872087
-4.852812
-4.838670
-4.820524
-4.811193
-4.795566
-4.786833
-4.772642
-4.765087
-4.751623
-4.745166
-4.731411
-4.723420
-4.710069
-4.700157
-4.683513
-4.671131
-4.652323
-4.639795
-4.621263
-4.607056
-4.585649
-4.568489
-4.545209
-4.526886
-4.500023
-4.476679
-4.443811
-4.416754
-4.379398
-4.345286
-4.302554
-4.264099
-4.214877
-4.171822
-4.118935
-4.071973
-4.017875
-3.968524
-3.914297
-3.865188
-3.810784
-3.764016
-3.712986
-3.671722
-3.627424
-3.592521
-3.555681
-3.529157
-3.497419
-3.472735
-3.442708
-3.419768
-3.390337
-3.366138
-3.333964
-3.306923
-3.268533
-3.232985
-3.187508
-3.144437
-3.091841
-3.041004
-2.982693
-2.931049
-2.871221
-2.818802
-2.760895
-2.708847
-2.651101
-2.597908
-2.537885
-2.481269
-2.417437
-2.357447
-2.287981
-2.226086
-2.159122
-2.099519
-2.035865
-1.981945
-1.925684
-1.879109
-1.829015
-1.784749
-1.735543
-1.689937
-1.634807
-1.582614
-1.521542
-1.464248
-1.396526
-1.334114
-1.262000
-1.195375
-1.118999
-1.047563
-0.966845
-0.892293
-0.810138
-0.733019
-0.649750
-0.573390
-0.490654
-0.414068
-0.331671
-0.256603
-0.173010
-0.095359
-0.009927
0.069468
0.157661
0.242867
0.335920
0.426373
0.526157
0.620872
0.723288
0.819698
0.920871
1.014262
1.112254
1.202514
1.297390
1.385067
1.480944
1.573803
1.673926
1.771305
1.876223
1.976976
2.083298
2.184115
2.286547
2.381424
2.479578
2.569094
2.663035
2.750195
2.845701
2.940109
3.043106
3.145441
3.260626
3.376651
3.502862
3.627621
3.762130
3.892006
4.028614
4.158862
4.294097
4.420777
4.554205
4.682322
4.816395
4.946917
5.086043
5.222764
5.369704
5.513932
5.666893
5.817305
5.976594
6.133527
6.299307
6.461244
6.631980
6.799956
6.977116
7.151824
7.333360
7.511521
7.695253
7.875804
8.061634
8.246093
8.437557
8.625421
8.822519
9.014371
9.211970
9.404323
9.598095
9.784781
9.971483
10.148789
10.326935
10.496573
10.667971
10.827292
10.985114
11.126064
11.257200
11.365056
11.456284
11.516709
11.554292
11.561622
11.551709
11.511301
11.448647
11.351527
11.230515
11.085399
10.933987
10.765317
10.586203
10.394190
10.203290
10.004884
9.807786
9.605004
9.408342
9.209161
9.019182
8.831092
8.659097
8.495949
8.357322
8.237698
8.151297
8.091564
8.070142
8.076648
8.115199
8.186183
8.302176
8.459141
8.657934
8.878231
9.127022
9.395604
9.686837
9.982283
10.285526
10.581763
10.873254
11.145841
11.403461
11.631895
11.837775
12.009464
12.156356
12.269297
12.361526
12.424971
12.470802
12.491143
12.497699
12.485542
12.457613
12.406648
12.339087
12.243693
12.124503
11.973302
11.800419
11.594522
11.357920
11.079974
10.770096
10.417565
10.031521
9.605651
9.155968
8.676984
8.182276
7.668438
7.150209
6.621665
6.093442
5.558311
5.022647
4.477667
3.930573
3.370226
2.804647
2.224410
1.640460
1.047825
0.461873
-0.122142
-0.687317
-1.236735
-1.755755
-2.248025
-2.699451
-3.110390
-3.466600
-3.772410
-4.014372
-4.196054
-4.307800
-4.355667
-4.337456
-4.277353
-4.152950
-3.972576
-3.756218
-3.533128
-3.294218
-3.056050
-2.825259
-2.620250
-2.440103
-2.294406
-2.180335
-2.107769
-2.068023
-2.069912
-2.097340
-2.161172
-2.267527
-2.428286
-2.626353
-2.866345
-3.148860
-3.487232
-3.866270
-4.289994
-4.749282
-5.250641
-5.779460
-6.337064
-6.910504
-7.499055
-8.084490
-8.666778
-9.229338
-9.772282
-10.280437
-10.753126
-11.177898
-11.556872
-11.878213
-12.148846
-12.357261
-12.510141
-12.600563
-12.638048
-12.619063
-12.565045
-12.447327
-12.275315
-12.063639
-11.831928
-11.566138
-11.282446
-10.986354
-10.691650
-10.392831
-10.100290
-9.808041
-9.525268
-9.241203
-8.963660
-8.684778
-8.409706
-8.130823
-7.855379
-7.578176
-7.306089
-7.031050
-6.763193
-6.495224
-6.234810
-5.975186
-5.725363
-5.479833
-5.249172
-5.025146
-4.817037
-4.619552
-4.437757
-4.265149
-4.108974
-3.957757
-3.821504
-3.687704
-3.569678
-3.459271
-3.369173
-3.294799
-3.248838
-3.228561
-3.243495
-3.283030
-3.368947
-3.504796
-3.694663
-3.927390
-4.213860
-4.552555
-4.947075
-5.386022
-5.872949
-6.398684
-6.968089
-7.566342
-8.199563
-8.850445
-9.524057
-10.203142
-10.887538
-11.561069
-12.222074
-12.854213
-13.453530
-14.005581
-14.512026
-14.959561
-15.353387
-15.680765
-15.947910
-16.146446
-16.283037
-16.352005
-16.356815
-16.306883
-16.197718
-16.005510
-15.757626
-15.459467
-15.114491
-14.711497
-14.263784
-13.772031
-13.243986
-12.673419
-12.069676
-11.429999
-10.765799
-10.073071
-9.363734
-8.638656
-7.910332
-7.179798
-6.460805
-5.756488
-5.083215
-4.442713
-3.852225
-3.312945
-2.839854
-2.431498
-2.097017
-1.833810
-1.648448
-1.530777
-1.484589
-1.494001
-1.550230
-1.646285
-1.784507
-1.932287
-2.090511
-2.248655
-2.406637
-2.543116
-2.658092
-2.740602
-2.792197
-2.806032
-2.788952
-2.734467
-2.637573
-2.487307
-2.309307
-2.096985
-1.852085
-1.568714
-1.264373
-0.929940
-0.570420
-0.184053
0.212437
0.621276
1.030083
1.437614
1.829777
2.208008
2.556632
2.881297
3.165846
3.412231
3.607683
3.759176
3.852034
3.894460
3.880786
3.828368
3.717525
3.552294
3.347253
3.119288
2.858841
2.580815
2.286725
1.993652
1.696898
1.412931
1.141652
0.895590
0.669885
0.475644
0.308104
0.175790
0.073568
0.007444
-0.030252
-0.030607
-0.014528
0.033742
0.117931
0.247469
0.394651
0.569116
0.766602
0.994163
1.232783
1.485771
1.741681
2.005292
2.260330
2.511590
2.744722
2.964098
3.153594
3.320148
3.451299
3.553440
3.616111
3.649496
3.648834
3.633820
3.594058
3.544223
3.478065
3.417624
3.358053
3.313916
3.276495
3.258495
3.249665
3.266180
3.293285
3.348367
3.419189
3.513663
3.616191
3.730182
3.845835
3.972789
4.099517
4.235318
4.368875
4.510294
4.649872
4.795166
4.936229
5.083121
5.221521
5.364312
5.493914
5.622773
5.733922
5.837064
5.916733
5.983762
6.024816
6.052437
6.053568
6.048627
6.020376
5.982729
5.921141
5.847719
5.755264
5.660549
5.547269
5.424448
5.282964
5.133618
4.963173
4.776697
4.562309
4.329549
4.063759
3.773867
3.448975
3.103725
2.730515
2.347474
1.947126
1.551169
1.151258
0.770282
0.401318
0.062106
-0.256264
-0.536970
-0.790733
-1.005428
-1.191533
-1.337407
-1.456516
-1.537315
-1.592494
-1.609187
-1.609009
-1.577480
-1.520542
-1.416657
-1.292431
-1.141035
-0.972366
-0.765484
-0.542443
-0.289584
-0.019678
0.280143
0.595979
0.939630
1.300425
1.689892
2.091483
2.515546
2.943967
3.387548
3.828836
4.278083
4.718096
5.159755
5.586498
6.011094
6.417769
6.817423
7.194556
7.563472
7.908576
8.245415
8.558393
8.863362
9.143359
9.415978
9.663106
9.899692
10.107300
10.300265
10.461283
10.605607
10.717710
10.808888
10.868621
10.910093
10.921282
10.921298
10.895775
10.860145
10.795925
10.720309
10.620993
10.514493
10.381952
10.239517
10.067909
9.886502
9.676279
9.453480
9.204092
8.943387
8.659726
8.369301
8.059972
7.750755
7.430431
7.115823
6.793288
6.483781
6.171191
5.877278
5.589113
5.325115
5.070674
4.845825
4.634407
4.457100
4.297875
4.178557
4.081582
4.025918
3.994503
4.001574
4.024336
4.084826
4.167289
4.277324
4.379062
4.488338
4.584814
4.680029
4.743619
4.790290
4.800897
4.792454
4.747752
4.675735
4.545536
4.378997
4.168532
3.928007
3.635047
3.308573
2.936396
2.541489
2.105835
1.655813
1.172470
0.676923
0.156450
-0.366654
-0.910746
-1.450155
-2.000445
-2.540129
-3.084592
-3.612701
-4.140600
-4.645995
-5.146288
-5.618459
-6.082881
-6.514015
-6.930297
-7.307527
-7.664706
-7.976457
-8.261555
-8.494428
-8.696740
-8.844423
-8.959188
-9.018178
-9.041328
-9.013334
-8.954039
-8.816495
-8.626886
-8.383052
-8.097131
-7.740065
-7.336084
-6.870516
-6.367317
-5.810908
-5.230300
-4.612157
-3.982779
-3.328733
-2.681500
-2.028100
-1.397430
-0.775881
-0.195838
0.357116
0.849693
1.298827
1.674184
1.995815
2.238552
2.427417
2.543135
2.614280
2.620916
2.599993
2.536968
2.450648
2.327924
2.206927
2.066977
1.929448
1.778198
1.641542
1.501737
1.381015
1.257693
1.155261
1.050537
0.961553
0.862253
0.773075
0.668432
0.566387
0.442097
0.315207
0.162682
0.007605
-0.175028
-0.360455
-0.571841
-0.783727
-1.021152
-1.257964
-1.516328
-1.769994
-2.042548
-2.307515
-2.587285
-2.854625
-3.135816
-3.406723
-3.692402
-3.967927
-4.260693
-4.543079
-4.840527
-5.127529
-5.427414
-5.710688
-6.004665
-6.278365
-6.556699
-6.811172
-7.065855
-7.293368
-7.518912
-7.714800
-7.903761
-8.056724
-8.196350
-8.291598
-8.365649
-8.387330
-8.386362
-8.340384
-8.257906
-8.105268
-7.928865
-7.713476
-7.479602
-7.203625
-6.923242
-6.619143
-6.318401
-6.002453
-5.702438
-5.400745
-5.125995
-4.853877
-4.617566
-4.388987
-4.196926
-4.012419
-3.861088
-3.710709
-3.588937
-3.466084
-3.370739
-3.279818
-3.221813
-3.168378
-3.154010
-3.147488
-3.175707
-3.211869
-3.289681
-3.380102
-3.506491
-3.635996
-3.794544
-3.955577
-4.136160
-4.302989
-4.479101
-4.629253
-4.774612
-4.876640
-4.955550
-4.976295
-4.960813
-4.886649
-4.765571
-4.556623
-4.310254
-4.005881
-3.673579
-3.293217
-2.903395
-2.482496
-2.070267
-1.645478
-1.247325
-0.849658
-0.490880
-0.144258
0.151123
0.420222
0.626765
0.798017
0.900465
0.963151
0.955628
0.925262
0.837263
0.716475
0.546369
0.376779
0.178551
-0.018822
-0.237085
-0.436056
-0.645036
-0.832013
-1.026415
-1.192744
-1.363479
-1.504269
-1.647383
-1.757176
-1.866937
-1.938260
-2.004869
-2.028648
-2.044566
-2.022207
-1.994763
-1.919937
-1.826368
-1.690180
-1.554863
-1.384063
-1.211131
-1.005703
-0.809137
-0.589647
-0.384477
-0.162872
0.036050
0.243158
0.422741
0.605471
0.752605
0.897414
1.002768
1.104199
1.166320
1.224163
1.249266
1.275984
1.274676
1.285622
1.276936
1.288705
1.289205
1.318522
1.345386
1.404778
1.462621
1.554785
1.644173
1.764186
1.874738
2.010296
2.129501
2.267078
2.382909
2.508362
2.606483
2.708802
2.777929
2.844070
2.869045
2.888352
2.865799
2.840647
2.770664
2.693078
2.570240
2.451552
2.300915
2.155509
1.979817
1.816830
1.633502
1.467674
1.284927
1.125008
0.954708
0.813483
0.664993
0.548258
0.429069
0.345364
0.261449
0.213454
0.165959
0.156143
0.145586
0.170075
0.191401
0.252618
0.315821
0.418559
0.518909
0.646412
0.765923
0.912573
1.040657
1.188178
1.309902
1.444443
1.549523
1.659445
1.733028
1.808064
1.839593
1.867199
1.851410
1.837429
1.781233
1.721227
1.616487
1.510681
1.369391
1.235915
1.066955
0.906939
0.719946
0.547112
0.352548
0.178519
-0.011590
-0.174367
-0.348234
-0.487764
-0.633009
-0.736426
-0.836646
-0.888112
-0.929779
-0.919334
-0.902641
-0.836533
-0.752327
-0.607696
-0.457156
-0.264448
-0.071047
0.160179
0.378539
0.623132
0.847901
1.089476
1.302782
1.527503
1.717611
1.912320
2.066089
2.220068
2.329909
2.438524
2.501727
2.564606
2.583527
2.604998
2.587950
2.578345
2.528719
2.482822
2.397616
2.316429
2.200840
2.098570
1.964351
1.842644
1.693799
1.563713
1.411898
1.280762
1.127074
0.997343
0.845738
0.716136
0.567727
0.445116
0.306280
0.196067
0.075086
-0.014463
-0.113634
-0.176578
-0.247998
-0.282981
-0.325956
-0.332946
-0.350882
-0.334367
-0.326876
-0.282529
-0.248595
-0.181873
-0.128228
-0.040422
0.035873
0.141388
0.233197
0.359554
0.474901
0.622277
0.754510
0.919321
1.071330
1.253786
1.421132
1.615018
1.791129
1.989471
2.164614
2.356401
2.517176
2.691205
2.826054
2.968247
3.066998
3.163893
3.212857
3.256574
3.249003
3.238703
3.173837
3.098124
2.959756
2.811153
2.616525
2.417570
2.168795
1.922378
1.639734
1.368487
1.067730
0.791253
0.499165
0.241786
-0.022422
-0.242396
-0.460691
-0.628828
-0.788812
-0.890759
-0.978388
-1.001602
-1.006994
-0.953139
-0.876117
-0.716165
-0.529270
-0.282772
-0.019597
0.308250
0.645298
1.030083
1.410170
1.826484
2.225524
2.644146
3.031353
3.429505
3.783004
4.135857
4.430334
4.707942
4.914371
5.090305
5.182405
5.236486
5.208073
5.156446
5.018030
4.831182
4.572302
4.301072
3.966849
3.615820
3.214568
2.816868
2.379729
1.951356
1.488790
1.046017
0.575799
0.130184
-0.333447
-0.762934
-1.201348
-1.596191
-1.989903
-2.329180
-2.657720
-2.923962
-3.172543
-3.350495
-3.501309
-3.576878
-3.621822
-3.594281
-3.548772
-3.420833
-3.256684
-3.032448
-2.806162
-2.526569
-2.248283
-1.934385
-1.639440
-1.316695
-1.021136
-0.714277
-0.442659
-0.162662
0.074150
0.310025
0.494935
0.677052
0.807025
0.930605
1.002203
1.068909
1.086973
1.103424
1.078627
1.059303
0.995519
0.934593
0.828254
0.729842
0.600725
0.486411
0.337647
0.206609
0.049708
-0.085721
-0.247562
-0.386624
-0.547238
-0.680730
-0.834757
-0.957707
-1.098012
-1.204432
-1.325735
-1.413799
-1.516683
-1.589168
-1.675053
-1.729893
-1.798472
-1.837459
-1.889877
-1.911365
-1.949754
-1.960490
-1.987595
-1.983737
-1.997475
-1.981412
-1.984011
-1.958117
-1.944540
-1.900241
-1.871247
-1.811774
-1.770252
-1.695943
-1.641119
-1.560497
-1.506868
-1.428490
-1.374328
-1.301811
-1.254461
-1.188998
-1.150576
-1.091135
-1.059219
-1.007818
-0.980260
-0.928326
-0.897637
-0.840585
-0.800548
-0.730921
-0.678647
-0.594636
-0.528140
-0.433925
-0.359551
-0.261607
-0.187023
-0.092502
-0.025005
0.060121
0.115461
0.185444
0.223753
0.275106
0.291444
0.320842
0.315014
0.322246
0.299225
0.286811
0.240333
0.204688
0.136739
0.080801
-0.011347
-0.092324
-0.200471
-0.293281
-0.416780
-0.520778
-0.649024
-0.750632
-0.871484
-0.964133
-1.070471
-1.143554
-1.230036
-1.279290
-1.338376
-1.357345
-1.385612
-1.375539
-1.375248
-1.339377
-1.311464
-1.246405
-1.194213
-1.110717
-1.042526
-0.945600
-0.873131
-0.779513
-0.712291
-0.625422
-0.570194
-0.502794
-0.468133
-0.422156
-0.411211
-0.392371
-0.405544
-0.406319
-0.440479
-0.461934
-0.517146
-0.553501
-0.612216
-0.649637
-0.710983
-0.746951
-0.799031
-0.817822
-0.852757
-0.854517
-0.869902
-0.852612
-0.850497
-0.817499
-0.796900
-0.745434
-0.714325
-0.660324
-0.627278
-0.570694
-0.537777
-0.479483
-0.445823
-0.391435
-0.358469
-0.301643
-0.264884
-0.202021
-0.158675
-0.087998
-0.036612
0.040167
0.096928
0.178309
0.237266
0.318517
0.375068
0.452219
0.501974
0.569552
0.608652
0.662555
0.689854
0.733394
0.750716
0.786571
0.796419
0.827092
0.832339
0.857604
0.857491
0.875152
0.866111
0.877283
0.862124
0.865078
0.837279
0.825994
0.782438
0.751911
0.691097
0.639518
0.549340
0.467216
0.351789
0.251553
0.114961
-0.007344
-0.154833
-0.278994
-0.423254
-0.538988
-0.668574
-0.762288
-0.864348
-0.927454
-0.995419
-1.023525
-1.056814
-1.051131
-1.053859
-1.023186
-1.001877
-0.940450
-0.889581
-0.807006
-0.735166
-0.628973
-0.539779
-0.424077
-0.326069
-0.200164
-0.095488
0.029302
0.128473
0.245660
0.337792
0.444712
0.523719
0.614964
0.675260
0.748375
0.785603
0.833630
0.844656
0.862963
0.845786
0.838021
0.789348
0.746519
0.664719
0.590086
0.475401
0.368353
0.229888
0.104015
-0.054887
-0.198663
-0.367671
-0.513869
-0.681957
-0.824377
-0.979986
-1.104389
-1.237268
-1.335841
-1.437902
-1.499700
-1.563855
-1.582937
-1.602535
-1.581581
-1.564339
-1.504688
-1.442148
-1.340394
-1.244500
-1.115238
-1.001780
-0.857826
-0.730792
-0.580946
-0.452619
-0.303984
-0.179597
-0.038404
0.076878
0.205543
0.305279
0.418495
0.499568
0.590006
0.646153
0.708420
0.733346
0.764680
0.759757
0.764164
0.735751
0.715087
0.658665
0.614431
0.546159
0.494516
0.417558
0.361459
0.290750
0.247517
0.189674
0.159501
0.118965
0.108390
0.086128
0.092925
0.084562
0.103160
0.103790
0.132703
0.145795
0.178938
0.192887
0.227757
0.241511
0.274993
0.288070
0.322311
0.335484
0.371549
0.388274
0.428213
0.452090
0.502071
0.535408
0.590425
0.625328
0.681863
0.718413
0.771961
0.803587
0.851743
0.877057
0.921307
0.943553
0.985300
1.009144
1.053201
1.081501
1.130690
1.161864
1.211861
1.242760
1.291191
1.315294
1.355153
1.369875
1.398208
1.401679
1.420583
1.413996
1.424425
1.409282
1.407377
1.381612
1.370102
1.337475
1.322332
1.286074
1.266879
1.228586
1.210101
1.173697
1.154309
1.115354
1.093802
1.052280
1.026612
0.979343
0.945700
0.889277
0.846513
0.781212
0.732183
0.661490
0.609346
0.538313
0.485604
0.417429
0.366447
0.300630
0.254588
0.193581
0.152253
0.095427
0.058426
0.004425
-0.027491
-0.074857
-0.101042
-0.141692
-0.160580
-0.191576
-0.197597
-0.213806
-0.204168
-0.209253
-0.185925
-0.171089
-0.127566
-0.089903
-0.029590
0.019003
0.091488
0.155514
0.237540
0.297498
0.372711
0.427180
0.490883
0.528934
0.572183
0.587471
0.606730
0.596931
0.592169
0.557734
0.522573
0.453575
0.389420
0.293882
0.197310
0.069452
-0.045847
-0.184327
-0.314106
-0.461676
-0.591003
-0.732196
-0.851288
-0.978162
-1.077833
-1.182089
-1.259288
-1.338699
-1.386145
-1.437224
-1.456661
-1.480489
-1.475888
-1.475840
-1.448912
-1.422146
-1.364771
-1.309979
-1.228179
-1.149898
-1.038684
-0.935817
-0.811914
-0.697987
-0.563543
-0.445500
-0.316237
-0.207477
-0.086416
0.008687
0.109779
0.185977
0.265905
0.318146
0.373648
0.402077
0.434106
0.440386
0.453898
0.446440
0.449539
0.433977
0.428778
0.404773
0.393440
0.367513
0.357746
0.333014
0.324942
0.301501
0.294576
0.273928
0.266776
0.244369
0.234570
0.207142
0.192967
0.162569
0.144003
0.107551
0.084643
0.045010
0.018438
-0.022309
-0.049673
-0.092728
-0.120317
-0.161387
-0.185619
-0.222329
-0.241072
-0.269550
-0.279591
-0.299367
-0.302241
-0.314526
-0.309473
-0.315947
-0.306422
-0.308682
-0.293055
-0.286888
-0.264158
-0.251275
-0.224331
-0.209027
-0.179904
-0.164487
-0.137591
-0.124612
-0.100913
-0.093390
-0.075067
-0.071951
-0.062071
-0.069481
-0.069255
-0.088530
-0.103980
-0.143839
-0.178951
-0.235374
-0.285403
-0.357872
-0.428791
-0.511948
-0.580946
-0.662940
-0.730985
-0.807022
-0.864429
-0.927858
-0.970380
-1.015744
-1.038022
-1.060720
-1.061673
-1.064062
-1.047321
-1.029030
-0.986572
-0.944615
-0.883672
-0.828542
-0.752908
-0.680391
-0.589663
-0.511027
-0.421058
-0.339985
-0.249822
-0.175384
-0.097006
-0.036612
0.025525
0.064560
0.105372
0.123356
0.141340
0.138886
0.140290
0.124244
0.108972
0.075409
0.048626
0.011867
-0.014366
-0.051045
-0.076342
-0.111358
-0.132135
-0.161823
-0.176497
-0.198534
-0.205928
-0.218923
-0.214984
-0.213354
-0.193804
-0.176562
-0.140174
-0.109324
-0.060570
-0.020307
0.033823
0.082577
0.144891
0.199522
0.259124
0.300258
0.345638
0.370968
0.394667
0.395474
0.397460
0.377215
0.356891
0.310122
0.266679
0.206383
0.153996
0.087065
0.024895
-0.050932
-0.111002
-0.177724
-0.233339
-0.296477
-0.345716
-0.401508
-0.442966
-0.488781
-0.521198
-0.557134
-0.578540
-0.602966
-0.612103
-0.624437
-0.621224
-0.625535
-0.615138
-0.608099
-0.583819
-0.563123
-0.527252
-0.495997
-0.450957
-0.409984
-0.356371
-0.308844
-0.246593
-0.193804
-0.130036
-0.079070
-0.017288
0.032725
0.091440
0.135948
0.184573
0.220605
0.262886
0.291799
0.324861
0.343717
0.367239
0.375843
0.389291
0.385981
0.390631
0.382624
0.378071
0.360700
0.346187
0.320454
0.301308
0.272766
0.250713
0.216440
0.189577
0.151849
0.120482
0.078831
0.044800
0.001325
-0.032802
-0.071676
-0.101736
-0.136348
-0.157480
-0.182325
-0.192722
-0.205653
-0.203344
-0.204378
-0.189493
-0.175416
-0.144081
-0.113666
-0.071014
-0.032706
0.016371
0.061348
0.116382
0.166508
0.225497
0.276592
0.335710
0.383156
0.437141
0.477129
0.521233
0.548209
0.577575
0.592056
0.605358
0.604987
0.606924
0.595010
0.583209
0.552827
0.524075
0.485572
0.456481
0.414265
0.376440
0.327751
0.284841
0.235199
0.191950
0.142421
0.102998
0.059088
0.023894
-0.015674
-0.043312
-0.074582
-0.091323
-0.109049
-0.114280
-0.120786
-0.112988
-0.106111
-0.082912
-0.058326
-0.019274
0.017485
0.063091
0.105501
0.158081
0.204526
0.262175
0.310671
0.365463
0.410100
0.459064
0.495872
0.535004
0.558961
0.580045
0.586987
0.592895
0.583871
0.573587
0.545917
0.513597
0.464343
0.418414
0.360975
0.307652
0.241705
0.180456
0.113411
0.058071
0.000825
-0.046040
-0.094213
-0.127033
-0.157787
-0.172478
-0.185102
-0.181712
-0.179533
-0.160644
-0.140126
-0.101236
-0.063104
-0.015593
0.027543
0.079638
0.126665
0.179132
0.223979
0.269714
0.303148
0.335000
0.353274
0.369095
0.369822
0.370435
0.357859
0.344089
0.313415
0.285713
0.251133
0.224899
0.190836
0.161891
0.127666
0.101158
0.072761
0.052517
0.031191
0.019810
0.007799
0.006443
0.001713
0.006217
0.007815
0.019342
0.029318
0.049256
0.066933
0.092118
0.112023
0.138644
0.160922
0.190723
0.214212
0.244821
0.268294
0.296755
0.317807
0.341376
0.355518
0.372986
0.378620
0.385513
0.383850
0.384448
0.375940
0.367448
0.348318
0.331545
0.308104
0.289103
0.264000
0.243755
0.217845
0.198698
0.174321
0.158840
0.140468
0.133123
0.123856
0.124663
0.121757
0.128586
0.132929
0.147700
0.163602
0.190078
0.211210
0.237556
0.256912
0.284325
0.305134
0.333740
0.358279
0.386869
0.410778
0.441645
0.469767
0.502894
0.532808
0.569552
0.603340
0.642424
0.677488
0.719397
0.755624
0.796887
0.830611
0.867887
0.897995
0.929330
0.953158
0.977793
0.992726
1.009338
1.016441
1.023399
1.021172
1.021914
1.013342
1.003494
0.983815
0.962634
0.931655
0.902838
0.870712
0.844011
0.809447
0.773527
0.730633
0.687739
0.641359
0.597109
0.551131
0.510917
0.466183
0.427180
0.386902
0.353952
0.319292
0.291008
0.263128
0.240688
0.216134
0.194453
0.167638
0.145085
0.120918
0.100448
0.075586
0.053324
0.030723
0.012997
-0.006504
-0.018612
-0.033852
-0.042182
-0.051578
-0.055630
-0.062781
-0.066462
-0.073937
-0.081088
-0.094326
-0.108742
-0.131392
-0.157674
-0.192899
-0.229562
-0.274877
-0.319046
-0.370141
-0.419686
-0.471233
-0.519051
-0.566481
-0.607906
-0.645876
-0.675402
-0.700667
-0.714680
-0.723527
-0.722817
-0.721073
-0.709611
-0.689803
-0.658516
-0.622806
-0.583496
-0.545446
-0.504199
-0.462386
-0.417588
-0.375372
-0.332236
-0.294798
-0.260348
-0.230579
-0.202779
-0.182519
-0.163712
-0.152476
-0.143419
-0.141449
-0.141110
-0.146422
-0.155559
-0.170637
-0.187734
-0.207397
-0.226850
-0.251017
-0.275394
-0.302079
-0.325504
-0.351608
-0.377083
-0.406400
-0.433796
-0.461385
-0.483309
-0.502891
-0.516807
-0.528947
-0.537180
-0.543831
-0.546124
-0.547561
-0.545801
-0.543621
-0.538811
-0.534258
-0.532595
-0.535792
-0.539521
-0.546237
-0.555455
-0.572147
-0.593054
-0.617495
-0.641630
-0.666717
-0.695421
-0.726061
-0.757961
-0.787327
-0.815982
-0.845154
-0.871306
-0.895942
-0.916154
-0.935348
-0.952041
-0.968217
-0.980890
-0.992110
-1.004234
-1.013775
-1.022605
-1.028223
-1.033099
-1.036795
-1.039427
-1.041913
-1.043979
-1.046369
-1.049807
-1.053068
-1.055393
-1.056636
-1.059138
-1.059461
-1.061641
-1.067097
-1.075330
-1.086599
-1.098497
-1.111008
-1.125392
-1.142262
-1.160375
-1.178214
-1.196699
-1.214118
-1.232021
-1.250506
-1.269378
-1.287701
-1.308203
-1.329868
-1.353180
-1.377718
-1.402208
-1.426747
-1.451624
-1.473289
-1.493356
-1.510226
-1.524432
-1.530809
-1.531019
-1.524545
-1.513906
-1.493549
-1.465588
-1.430444
-1.390892
-1.345592
-1.294933
-1.238640
-1.175454
-1.103711
-1.030160
-0.954479
-0.877828
-0.795980
-0.712904
-0.629490
-0.549466
-0.471249
-0.397359
-0.326699
-0.260525
-0.200342
-0.147455
-0.100493
-0.060731
-0.027572
-0.003227
0.016016
0.027252
0.035292
0.037746
0.036809
0.034033
0.028996
0.020520
0.013094
0.004619
-0.000886
-0.007037
-0.010024
-0.011638
-0.009911
-0.007441
-0.001548
0.005442
0.016920
0.033403
0.055165
0.076620
0.101093
0.128618
0.160292
0.193258
0.229678
0.266082
0.306409
0.346106
0.389468
0.432895
0.478533
0.523994
0.569858
0.616271
0.662943
0.708742
0.755398
0.801004
0.847481
0.892458
0.938613
0.983767
1.030309
1.074914
1.120504
1.163511
1.207825
1.249379
1.293225
1.333455
1.374234
1.411187
1.446574
1.478474
1.508147
1.531361
1.552800
1.568233
1.578404
1.580954
1.582052
1.575579
1.563455
1.542516
1.514297
1.478942
1.441102
1.400516
1.359608
1.316278
1.274095
1.229409
1.190777
1.154906
1.126154
1.100825
1.081258
1.065922
1.059432
1.056155
1.058980
1.066116
1.082631
1.103601
1.130868
1.157134
1.185353
1.211780
1.239596
1.262875
1.286025
1.303428
1.317360
1.324560
1.327143
1.321122
1.311855
1.293322
1.268622
1.235415
1.198365
1.156520
1.111754
1.060465
1.008353
0.955612
0.904388
0.853874
0.809189
0.765149
0.729196
0.695634
0.671596
0.650528
0.641988
0.637420
0.640794
0.643974
0.657067
0.672274
0.695166
0.718090
0.746729
0.772236
0.803441
0.833194
0.864303
0.893814
0.924535
0.950252
0.974532
0.992387
1.006771
1.016086
1.022641
1.023173
1.023044
1.013132
1.002509
0.980473
0.956871
0.925859
0.896381
0.859686
0.824993
0.783036
0.742273
0.695085
0.652401
0.605584
0.561689
0.513339
0.468492
0.422272
0.381655
0.340714
0.304327
0.268633
0.240607
0.212130
0.192322
0.171432
0.158000
0.143568
0.134705
0.123969
0.117899
0.108455
0.102805
0.094491
0.088873
0.080381
0.074263
0.066223
0.061541
0.053696
0.050612
0.044381
0.043364
0.037649
0.036018
0.033306
0.034468
0.033597
0.035437
0.032725
0.033274
0.030110
0.027575
0.019439
0.011625
-0.003243
-0.017046
-0.038437
-0.058132
-0.084543
-0.108226
-0.136477
-0.160128
-0.186878
-0.207913
-0.232629
-0.249483
-0.267661
-0.279446
-0.291408
-0.298027
-0.306697
-0.310797
-0.319595
-0.323647
-0.332655
-0.340033
-0.353142
-0.363103
-0.379230
-0.391645
-0.408224
-0.420800
-0.436363
-0.447340
-0.459836
-0.465518
-0.471217
-0.470797
-0.471992
-0.465986
-0.459077
-0.445419
-0.432730
-0.413810
-0.400620
-0.384461
-0.373548
-0.361601
-0.355741
-0.349300
-0.351415
-0.351092
-0.360487
-0.371320
-0.393614
-0.419202
-0.452797
-0.487425
-0.531352
-0.578217
-0.631879
-0.679099
-0.732471
-0.780046
-0.832352
-0.876747
-0.923031
-0.961743
-1.000375
-1.031210
-1.060817
-1.081174
-1.100337
-1.109684
-1.118031
-1.117466
-1.120307
-1.113607
-1.106762
-1.091297
-1.075670
-1.052600
-1.033970
-1.009609
-0.990011
-0.967926
-0.951169
-0.932701
-0.920464
-0.906871
-0.903126
-0.898396
-0.901818
-0.900236
-0.909454
-0.915637
-0.930861
-0.943210
-0.961404
-0.971430
-0.983650
-0.990528
-0.999859
-1.001263
-1.004056
-0.997050
-0.992772
-0.980018
-0.966877
-0.944825
-0.927293
-0.902916
-0.882575
-0.856099
-0.833482
-0.807700
-0.787843
-0.767987
-0.754926
-0.740575
-0.732454
-0.722639
-0.719555
-0.712275
-0.712694
-0.707819
-0.707335
-0.701362
-0.700312
-0.691950
-0.687656
-0.677953
-0.670285
-0.657612
-0.648991
-0.635479
-0.627230
-0.611554
-0.603450
-0.589453
-0.581931
-0.569274
-0.560201
-0.546850
-0.537535
-0.524975
-0.516048
-0.502617
-0.492946
-0.478385
-0.467988
-0.451925
-0.439721
-0.421139
-0.405512
-0.382540
-0.363006
-0.336094
-0.313315
-0.282594
-0.254552
-0.219311
-0.188137
-0.152459
-0.119494
-0.082638
-0.050286
-0.013252
0.017388
0.050273
0.075699
0.103273
0.123598
0.145117
0.158565
0.174709
0.182716
0.192418
0.192112
0.193339
0.187947
0.183733
0.171561
0.159372
0.141889
0.126358
0.105146
0.089115
0.066724
0.050903
0.029383
0.016646
0.000324
-0.006149
-0.015739
-0.018773
-0.024488
-0.022487
-0.023859
-0.019613
-0.017498
-0.008668
-0.002178
0.010963
0.017760
0.030481
0.036503
0.048287
0.051888
0.059636
0.059766
0.063495
0.060444
0.059572
0.051984
0.045769
0.032354
0.020779
0.003812
-0.009152
-0.029267
-0.043506
-0.064912
-0.081411
-0.103754
-0.119333
-0.138285
-0.149037
-0.164374
-0.171219
-0.178645
-0.177950
-0.179194
-0.173769
-0.169523
-0.157400
-0.146325
-0.127614
-0.112536
-0.091113
-0.074292
-0.050803
-0.032463
-0.007715
0.009607
0.031789
0.047690
0.067337
0.080494
0.096783
0.106518
0.121241
0.129264
0.141759
0.149960
0.164441
0.173772
0.188302
0.199296
0.215455
0.226966
0.245967
0.258430
0.278174
0.290669
0.311139
0.324587
0.344347
0.356826
0.375585
0.388871
0.407130
0.421110
0.440257
0.455916
0.478372
0.494741
0.518311
0.533987
0.557298
0.570682
0.589360
0.599886
0.613559
0.618273
0.627588
0.628702
0.634659
0.635176
0.641165
0.642634
0.650851
0.654144
0.665493
0.670756
0.684269
0.693600
0.709049
0.719898
0.737527
0.749618
0.768910
0.783391
0.801956
0.814984
0.835293
0.847594
0.864707
0.875830
0.889439
0.894444
0.902822
0.903871
0.909473
0.906503
0.909764
0.904888
0.903871
0.894669
0.888938
0.875345
0.866838
0.853455
0.844124
0.829853
0.819747
0.805492
0.794643
0.777918
0.767409
0.751717
0.742757
0.727776
0.720092
0.708032
0.702511
0.692098
0.687594
0.679555
0.677408
0.669513
0.666801
0.656566
0.651594
0.638905
0.632399
0.617353
0.607780
0.589473
0.575476
0.556604
0.543496
0.524349
0.510369
0.492659
0.479502
0.462180
0.451751
0.436624
0.429004
0.415912
0.409035
0.396313
0.389468
0.376796
0.370693
0.359667
0.356051
0.349448
0.347995
0.343895
0.347027
0.346349
0.356551
0.362912
0.380751
0.395393
0.418188
0.438319
0.463891
0.485976
0.509561
0.529434
0.552488
0.567501
0.585792
0.595688
0.608248
0.609410
0.614818
0.609652
0.610492
0.601129
0.596108
0.581385
0.571908
0.554909
0.543544
0.526448
0.512919
0.494467
0.481278
0.462067
0.448425
0.429795
0.416477
0.397363
0.386611
0.368804
0.357811
0.340698
0.331416
0.315175
0.304698
0.289474
0.278335
0.263160
0.254007
0.241770
0.234683
0.224221
0.219055
0.208837
0.204639
0.196390
0.192241
0.182070
0.176937
0.163747
0.155578
0.138515
0.124712
0.101691
0.082819
0.055100
0.031175
0.000502
-0.025974
-0.058681
-0.085673
-0.117734
-0.143742
-0.173931
-0.197468
-0.225316
-0.242461
-0.263480
-0.273295
-0.286081
-0.290763
-0.298043
-0.296607
-0.301918
-0.299190
-0.303904
-0.303532
-0.309279
-0.312637
-0.323179
-0.330718
-0.345554
-0.357791
-0.376308
-0.389433
-0.411518
-0.426483
-0.449358
-0.463726
-0.483809
-0.495707
-0.512803
-0.521860
-0.535646
-0.542023
-0.553614
-0.557521
-0.568499
-0.574989
-0.588017
-0.595265
-0.609827
-0.618012
-0.632880
-0.638918
-0.651284
-0.655739
-0.665345
-0.666281
-0.670753
-0.668057
-0.670753
-0.665361
-0.661422
-0.648394
-0.637174
-0.616607
-0.599237
-0.574262
-0.552888
-0.523684
-0.500760
-0.471927
-0.451796
-0.426337
-0.411033
-0.392387
-0.384880
-0.374823
-0.377051
-0.374048
-0.384235
-0.391967
-0.415214
-0.439688
-0.474462
-0.504667
-0.541087
-0.575699
-0.619513
-0.662019
-0.713017
-0.756024
-0.807184
-0.851902
-0.902431
-0.937689
-0.974287
-0.997825
-1.021620
-1.031161
-1.038862
-1.035391
-1.032243
-1.013565
-0.993353
-0.957659
-0.922966
-0.879846
-0.840924
-0.792751
-0.748630
-0.697132
-0.653608
-0.603886
-0.563769
-0.517340
-0.480952
-0.441319
-0.416151
-0.389368
-0.375937
-0.361537
-0.358744
-0.354692
-0.359535
-0.362667
-0.376809
-0.388190
-0.406691
-0.417927
-0.436330
-0.446210
-0.462612
-0.468472
-0.478901
-0.477142
-0.482259
-0.476819
-0.477917
-0.467649
-0.463710
-0.449423
-0.440350
-0.419380
-0.404463
-0.382055
-0.365411
-0.339307
-0.318950
-0.290585
-0.270486
-0.242106
-0.221684
-0.194837
-0.176691
-0.154703
-0.142031
-0.123126
-0.115038
-0.101849
-0.101365
-0.093244
-0.095101
-0.088692
-0.091549
-0.087094
-0.089854
-0.084947
-0.087869
-0.082735
-0.085818
-0.081346
-0.085802
-0.079764
-0.081831
-0.073743
-0.074808
-0.062781
-0.059940
-0.045959
-0.040019
-0.023407
-0.013543
0.005975
0.019697
0.041556
0.056666
0.080833
0.097752
0.123646
0.141630
0.169058
0.187414
0.213664
0.231002
0.255556
0.269989
0.289975
0.297966
0.309815
0.311430
0.316741
0.311446
0.311301
0.296448
0.285664
0.259512
0.238702
0.207400
0.184992
0.153254
0.131460
0.101917
0.082770
0.057941
0.044833
0.027688
0.023797
0.014789
0.019455
0.017937
0.028737
0.034501
0.054067
0.066772
0.091698
0.107309
0.132913
0.148992
0.174160
0.189432
0.211936
0.222220
0.238880
0.241899
0.250746
0.246726
0.251165
0.241301
0.240333
0.225594
0.219072
0.203041
0.196487
0.181538
0.178535
0.167347
0.168865
0.160809
0.164667
0.158807
0.164296
0.161213
0.168510
0.169220
0.182248
0.187930
0.207303
0.216117
0.237734
0.248130
0.268423
0.277302
0.295803
0.303455
0.318517
0.321358
0.332126
0.329672
0.335516
0.329156
0.331932
0.321003
0.318323
0.301098
0.291557
0.275752
0.271345
0.258365
0.255573
0.242109
0.242238
0.234683
0.239510
0.236006
0.246032
0.248679
0.265130
0.273912
0.296319
0.308669
0.335387
0.351321
0.379637
0.397411
0.426647
0.444309
0.474562
0.493789
0.520039
0.532841
0.554522
0.563013
0.579625
0.580771
0.590958
0.587745
0.593218
0.586518
0.588762
0.576364
0.573491
0.559026
0.556895
0.543253
0.543851
0.533309
0.537506
0.530338
0.537522
0.535892
0.548710
0.552407
0.573555
0.583322
0.606424
0.615609
0.637500
0.645540
0.664977
0.669255
0.683219
0.681104
0.687982
0.682331
0.686190
0.674066
0.673097
0.656259
0.652417
0.634239
0.630881
0.616449
0.615157
0.602662
0.605294
0.596059
0.601500
0.595139
0.602178
0.595979
0.603114
0.596447
0.601451
0.593008
0.593089
0.576848
0.569681
0.546272
0.534810
0.505348
0.487945
0.453753
0.432056
0.396539
0.374584
0.339326
0.316402
0.277528
0.250277
0.208159
0.178664
0.131767
0.099770
0.052097
0.020714
-0.021954
-0.051545
-0.092179
-0.118655
-0.156721
-0.176675
-0.209156
-0.223427
-0.248934
-0.256425
-0.276346
-0.278590
-0.289955
-0.284660
-0.291812
-0.282384
-0.286000
-0.271762
-0.267839
-0.247288
-0.242800
-0.225413
-0.224460
-0.209592
-0.211884
-0.201407
-0.207703
-0.200761
-0.210528
-0.208785
-0.225655
-0.230821
-0.253551
-0.261704
-0.284224
-0.291990
-0.314494
-0.321484
-0.343666
-0.350365
-0.372821
-0.380925
-0.404382
-0.413875
-0.439817
-0.453378
-0.483454
-0.498968
-0.532176
-0.551661
-0.587177
-0.606759
-0.641581
-0.658565
-0.690626
-0.704187
-0.731518
-0.739154
-0.759318
-0.758365
-0.769908
-0.762579
-0.767147
-0.750907
-0.744497
-0.718764
-0.707932
-0.680133
-0.669397
-0.644956
-0.636593
-0.615639
-0.611990
-0.595410
-0.597945
-0.588307
-0.595976
-0.589421
-0.600835
-0.600124
-0.616801
-0.620465
-0.639402
-0.644277
-0.664376
-0.669784
-0.692370
-0.699925
-0.723301
-0.726949
-0.743416
-0.743367
-0.756654
-0.751407
-0.760109
-0.749664
-0.749938
-0.728402
-0.715600
-0.682506
-0.665555
-0.630458
-0.611086
-0.572696
-0.548917
-0.509526
-0.486311
-0.449036
-0.429921
-0.399474
-0.387318
-0.364749
-0.361117
-0.346055
-0.349058
-0.341890
-0.355434
-0.359196
-0.386333
-0.398780
-0.427581
-0.442158
-0.473978
-0.490751
-0.525024
-0.541474
-0.570985
-0.581979
-0.605581
-0.610004
-0.626762
-0.621240
-0.629232
-0.617786
-0.618367
-0.598768
-0.586370
-0.555132
-0.540328
-0.511189
-0.500147
-0.472541
-0.460772
-0.432860
-0.424174
-0.401589
-0.396310
-0.377115
-0.375904
-0.360826
-0.363539
-0.352432
-0.359502
-0.350785
-0.358114
-0.351382
-0.361359
-0.354853
-0.365024
-0.359551
-0.368430
-0.361972
-0.369415
-0.360310
-0.365072
-0.352577
-0.352577
-0.334544
-0.332559
-0.311895
-0.306842
-0.283950
-0.277380
-0.253212
-0.243752
-0.218503
-0.206848
-0.180711
-0.167909
-0.139658
-0.126113
-0.098314
-0.085237
-0.055226
-0.042117
-0.014011
-0.001597
0.027381
0.040813
0.069129
0.082238
0.111119
0.124922
0.153528
0.167024
0.194953
0.206867
0.233666
0.243755
0.268245
0.276430
0.299241
0.306732
0.328623
0.333256
0.352984
0.356681
0.376392
0.378894
0.398251
0.402157
0.422854
0.428133
0.449717
0.457853
0.480616
0.488074
0.511951
0.519651
0.542511
0.548387
0.569858
0.575234
0.595688
0.598336
0.615432
0.616869
0.631785
0.629380
0.640568
0.634869
0.643748
0.636354
0.643215
0.634627
0.638227
0.626151
0.628218
0.613123
0.612413
0.597076
0.596883
0.582676
0.583790
0.571682
0.574830
0.565629
0.572861
0.565693
0.572909
0.568599
0.580545
0.578172
0.590845
0.590006
0.604244
0.603954
0.616239
0.615125
0.627088
0.623810
0.632754
0.625457
0.632932
0.624941
0.631188
0.620033
0.623601
0.611929
0.613172
0.600806
0.601468
0.589440
0.592379
0.582822
0.587923
0.578495
0.585695
0.578527
0.585049
0.578818
0.585647
0.580804
0.588956
0.582805
0.589650
0.583031
0.589328
0.579770
0.583596
0.572861
0.574007
0.561415
0.561851
0.549792
0.551696
0.541219
0.544287
0.533486
0.538491
0.529822
0.534697
0.525511
0.529870
0.519458
0.523752
0.513355
0.516148
0.505961
0.506978
0.494612
0.494435
0.481245
0.480438
0.466070
0.464246
0.447553
0.445100
0.427923
0.423935
0.407001
0.403449
0.388290
0.386078
0.371904
0.372033
0.360474
0.362218
0.351515
0.355292
0.346171
0.349174
0.341344
0.344960
0.337760
0.345283
0.340311
0.348431
0.345703
0.355179
0.353839
0.365447
0.362638
0.373260
0.369676
0.377764
0.372824
0.378119
0.371791
0.376392
0.367997
0.369741
0.357649
0.358182
0.345299
0.346300
0.335000
0.335920
0.325346
0.326686
0.317839
0.321294
0.312867
0.317710
0.310687
0.316580
0.310171
0.317790
0.314691
0.325556
0.326702
0.340295
0.346026
0.362896
0.369676
0.387967
0.394747
0.413458
0.419770
0.435752
0.439772
0.453236
0.454576
0.466183
0.465166
0.475514
0.472657
0.481036
0.476725
0.484345
0.479050
0.484313
0.480325
0.484942
0.478614
0.480261
0.469654
0.468040
0.452429
0.446779
0.429004
0.420803
0.401479
0.391890
0.373309
0.363138
0.343653
0.335032
0.317258
0.311317
0.296820
0.294608
0.283534
0.283792
0.275010
0.276495
0.270538
0.274977
0.270086
0.276349
0.272378
0.281887
