-22.773268   
  3.494735   
-19.231346   
  0.831737   
-20.381815   
  7.889092   
-19.348349   
  0.326275   
-22.169748   
  1.970804   
-18.952259   
  2.521612   
-17.217127   
 -2.502667   
-19.272921   
 -2.329180   
-12.140048   
 -0.507304   
-16.609835   
 -2.713956   
-12.204163   
 -4.769661   
-10.582262   
 -2.887443   
-11.819474   
 -3.728565   
 -8.190809   
 -8.417184   
-10.982123   
 -8.032408   
 -5.014806   
 -7.862692   
 -8.832044   
-12.008047   
 -2.472495   
-10.484204   
 -2.242436   
-12.803999   
 -4.562232   
-10.144686   
 -2.547924   
-10.378603   
 -4.716861   
-14.361785   
 -1.186254   
-16.836210   
 -0.744994   
-17.318956   
  4.124655   
-15.074677   
 -0.149016   
-20.562933   
  3.128816   
-23.467302   
  8.070123   
-18.778772   
  0.514847   
-19.227663   
  1.582344   
-21.396511   
  2.830871   
-19.774523   
 -1.604973   
-22.207462   
 -1.031624   
-18.299709   
  1.703031   
-18.880600   
 -6.568908   
-11.536615   
 -4.249113   
-18.609056   
 -0.081042   
-12.762425   
 -4.139741   
-13.226402   
 -2.857271   
-10.721806   
 -7.149800   
-10.948092   
 -2.495124   
-12.109876   
 -9.733597   
 -7.866464   
 -4.686689   
 -8.319126   
 -7.187514   
 -8.986673   
 -8.877301   
 -6.421822   
 -9.526079   
 -6.727309   
-14.135410   
 -5.644727   
 -8.220981   
 -7.278029   
-15.493397   
 -2.280151   
-12.626653   
 -1.876518   
-11.344183   
-10.208800   
-11.295155   
 -5.301524   
-10.155999   
 -7.044199   
-10.397460   
 -8.466213   
-11.653530   
 -1.431486   
-18.239367   
  0.311189   
-13.286745   
 -0.186731   
-18.537312   
  2.238665   
-16.779638   
  0.899623   
-13.961923   
  4.792290   
-19.563322   
  1.167397   
-20.679848   
  4.716861   
-21.566227   
  5.607012   
-22.754410   
 13.282973   
-23.648333   
 11.106582   
-23.938822   
  7.440202   
-22.003803   
  6.135103   
-19.220032   
  5.935216   
-25.575809   
  9.145163   
-21.905746   
  3.509820   
-29.347790   
 10.661462   
-15.410336   
  0.910938   
 -9.235677   
  0.982595   
 -7.391173   
 12.766196   
-17.356758   
 -5.456154   
 -4.833776   
  0.612993   
-24.319740   
  1.499372   
 -8.337895   
 -6.380248   
-39.992325   
-15.930885   
-41.682110   
-30.071997   
-16.398634   
-29.593021   
-11.513899   
-27.590029   
 15.210450   
 -2.781842   
  2.657384   
 -8.824501   
 -2.050092   
-21.034365   
-19.955641   
 16.828667   
-19.337034   
-17.021011   
-42.364830   
-11.581872   
-18.005535   
-15.101078   
 -2.389523   
-22.196148   
  2.879900   
 -9.092361   
-11.359269   
-54.404980   
-55.385735   
-14.516415   
 16.711752   
 -8.552957   
 -8.413324   
-12.694539   
 -2.804471   
  1.959490   
-19.099346   
-16.711752   
 -2.155693   
 -1.567258   
  2.691327   
 -7.485459   
  3.871968   
-20.981564   
 -8.752843   
 -9.729825   
 -4.181227   
  4.532060   
-13.818607   
-42.312119   
-46.163300   
-38.457077   
-41.353992   
-56.988777   
-53.416771   
-37.057693   
-33.202744   
-40.124325   
-19.039001   
-23.071213   
-50.787716   
-15.334908   
 27.295855   
-27.522142   
-65.068375   
-68.919556   
 16.428804   
 13.954380   
-14.048667   
 -0.231988   
 12.415451   
 33.319656   
 66.030266   
 64.144279   
-31.426212   
 -3.042072   
 94.908470   
 77.478119   
 22.079233   
 23.158043   
 25.017546   
 19.461493   
 10.016456   
  5.403354   
-25.198664   
-32.769024   
-57.388638   
-65.192833   
-67.052422   
-82.253487   
-82.857002   
-66.350838   
-62.337486   
-92.068123   
-32.950054   
-49.818275   
-40.365696   
-21.249424   
  0.450733   
-16.625008   
-16.757010   
 -6.746167   
 18.688257   
 16.994610   
 -6.700909   
-17.292555   
 36.058170   
 30.294600   
 47.683372   
 37.144436   
 -6.297276   
 44.978889   
  4.713090   
 28.427467   
 40.116783   
 21.671827   
  1.752060   
-33.368774   
-44.232052   
-15.267021   
-10.669005   
-32.354076   
-21.373882   
-26.518848   
-24.546114   
-49.686275   
-32.399334   
-15.474539   
 -7.059197   
  6.870625   
 20.574247   
  2.947786   
-13.882723   
  8.126694   
-15.444367   
-11.744045   
 35.277393   
 -8.651014   
 -4.633889   
-50.308655   
-31.690212   
 16.364691   
 25.025177   
-22.535666   
-17.767847   
  2.744128   
  6.270875   
  1.574801   
 -8.571814   
 -9.069733   
  4.667832   
 -0.756308   
-11.438470   
-22.746868   
-28.499125   
-17.413330   
-16.889009   
-27.676859   
  0.767622   
 -2.985501   
-14.142953   
 -4.935606   
 12.981257   
 33.063198   
 25.817270   
-20.687391   
 17.684874   
 16.666407   
 42.357376   
 35.198193   
 42.270634   
 -7.308201   
-10.110743   
-11.208410   
 -3.830394   
-29.223331   
-35.390537   
-45.601265   
-24.055738   
-61.586880   
-31.599699   
-37.506584   
-10.831178   
-17.488758   
 -0.360218   
-31.230007   
-16.617378   
 43.439873   
  6.881939   
 -6.915882   
 43.545471   
 26.126530   
  4.350943   
  9.382764   
 46.182156   
 12.140136   
 36.597576   
 18.311024   
 21.471941   
 38.079933   
 43.157013   
 20.200785   
 21.155138   
-38.804142   
 89.378723   
 36.616432   
 28.057777   
 -0.692193   
-30.279514   
  9.586510   
-30.834005   
  9.254535   
-68.489609   
 21.445541   
-37.570698   
  6.395334   
-38.223248   
  5.343010   
-21.453083   
  4.252884   
-18.047022   
 -5.886188   
  2.257522   
  6.323676   
  2.649841   
 14.591844   
-14.256185   
 -0.480904   
-11.925075   
 13.279202   
 34.534241   
  5.539126   
  4.350943   
 21.245653   
 24.617771   
 11.317783   
 23.237244   
 27.627831   
 21.113653   
 17.300098   
 38.536366   
 24.832745   
 15.470768   
 11.498900   
  7.632546   
 -0.876995   
  4.184999   
 -8.021093   
-14.780504   
 -9.809026   
-16.787180   
-35.051018   
-51.726894   
-43.100441   
-53.465801   
-61.439705   
-43.820877   
-33.478146   
-28.363352   
-11.793074   
-23.124100   
 -9.341278   
  1.325885   
 12.162676   
 12.155133   
 38.283592   
 47.804058   
 31.776957   
 36.035542   
 42.195206   
 34.428638   
  5.516497   
 -5.667356   
 -6.561365   
 -0.009472   
-19.895210   
-19.601036   
 -4.290599   
  7.308201   
  1.733202   
 17.198357   
  9.563793   
 33.466831   
 11.019838   
 -2.736585   
-25.202435   
-20.393129   
-42.017857   
-48.286892   
-51.825043   
-56.973690   
-45.084488   
-16.017628   
-25.519238   
 17.820646   
 40.822132   
 27.182711   
 11.657302   
 31.286579   
 21.652971   
 23.689907   
 19.182318   
 15.255707   
 11.227268   
 24.930803   
 22.739325   
  4.437686   
 -6.757481   
 15.500939   
  1.254228   
-20.223413   
-12.962400   
 -3.362734   
-42.836349   
 -3.871880   
 13.916666   
  2.212265   
-17.771618   
 23.120329   
  4.980863   
 22.139576   
 27.793776   
 29.890966   
 20.928764   
 23.165586   
  6.059674   
 -3.543764   
-28.872585   
-36.442860   
-31.324295   
-22.294205   
-39.004028   
-20.004669   
 15.285879   
 24.583828   
 18.891914   
 18.405310   
 25.772013   
 16.108231   
 -4.705547   
-22.226318   
-38.411823   
-44.081108   
-41.648254   
-45.020374   
-42.745834   
-10.548319   
 17.522701   
 19.597265   
 37.917763   
 56.607861   
 61.405762   
 69.432556   
 72.201157   
 49.165730   
 20.034842   
 22.565838   
  5.184609   
-13.301831   
-29.543993   
-26.556562   
-19.363434   
 -7.334601   
  4.980863   
 13.222631   
 30.105940   
 32.644566   
 31.165894   
 38.177990   
 30.664202   
 10.393689   
 20.329014   
 55.415905   
 14.697444   
  5.810670   
 35.741280   
 32.391792   
 28.653753   
 32.256020   
 11.804388   
 14.576757   
  5.048749   
 -7.824978   
 11.276297   
 23.882250   
 13.973237   
 17.424644   
 20.898592   
 23.105244   
  4.109570   
-21.056993   
-44.643139   
-41.474682   
-57.154808   
-70.432083   
-60.466583   
-37.917763   
-56.253254   
-86.730812   
-86.229126   
-127.245529   
-192.044189   
-228.726593   
-270.765228   
-302.479919   
-345.189972   
-357.543152   
-238.122589   
-192.572281   
-349.603180   
-323.142822   
-489.773315   
-308.213318   
-107.567131   
-171.717026   
-257.435059   
-141.880783   
-30.981092   
-39.294518   
-64.121651   
-23.904879   
  7.836292   
 22.826069   
 30.173914   
 69.021385   
106.137573   
142.280655   
217.840683   
284.012421   
323.757629   
359.221710   
411.814270   
418.713226   
177.129852   
361.469788   
456.334839   
645.155884   
557.981873   
275.661285   
305.075073   
339.901672   
257.548218   
109.321121   
 30.939606   
-27.458027   
-89.322151   
-162.343735   
-232.811691   
-306.862946   
-335.552582   
-363.989532   
-373.332642   
-375.859863   
-337.781860   
-306.734741   
-279.538849   
-270.376678   
-238.563950   
-168.790024   
-140.477631   
-253.527313   
-214.476105   
-274.774811   
-361.846985   
-472.509003   
-274.503265   
-347.585205   
-458.069946   
-474.957092   
-443.977844   
-457.711548   
-492.198792   
-446.173187   
-357.067932   
-320.973907   
-272.866180   
-204.838730   
-113.964394   
-82.328911   
-47.464539   
-50.568886   
-54.374809   
-70.103966   
-84.950424   
-113.666451   
-125.883858   
-146.784378   
-127.675560   
-77.206573   
  0.409247   
 52.662392   
140.341858   
233.124710   
288.734894   
346.427185   
436.558411   
507.384674   
574.929382   
645.544434   
722.315308   
752.181824   
793.315125   
837.594299   
814.920959   
326.209412   
646.038574   
1091.413940   
358.538971   
 91.577744   
207.528122   
115.107323   
-134.834747   
-291.646881   
-331.350647   
-379.744995   
-443.106567   
-476.971252   
-456.836578   
-461.155518   
-392.396210   
-183.983551   
-565.322205   
-771.147278   
-539.084290   
-405.477356   
-600.092224   
-701.211182   
-581.681213   
-486.031494   
-495.883942   
-499.335266   
-421.240448   
-320.046021   
-260.792114   
-177.322189   
-62.774975   
 53.141365   
161.310181   
261.109009   
336.827515   
442.420074   
541.883118   
581.549194   
624.681641   
674.565979   
695.779541   
709.362427   
712.006531   
722.138062   
687.168152   
216.577072   
668.545959   
1031.005859   
359.772430   
252.806885   
426.460846   
352.933868   
 85.814262   
-11.517757   
 14.429671   
-14.414585   
-67.135391   
-70.880974   
-54.672840   
-44.469654   
-26.198187   
-21.935917   
-21.758659   
-10.122057   
-16.372232   
-21.592627   
-36.590034   
-40.248783   
-42.809952   
-61.024845   
-74.811356   
-76.908630   
-92.879074   
-122.643738   
-140.270111   
-161.875992   
-177.061966   
-175.530487   
-171.645370   
-161.325272   
-132.205688   
-115.646729   
-121.187698   
-130.010361   
-152.310257   
-188.275986   
-233.335922   
-279.169159   
-370.156647   
-414.126526   
-150.390335   
-486.393738   
-772.799377   
-694.172607   
-524.611389   
-627.869019   
-717.762634   
-678.590698   
-595.735535   
-547.567627   
-527.836426   
-512.756042   
-444.785126   
-381.457489   
-315.263214   
-246.632141   
-150.235703   
-51.772152   
 57.573441   
170.532700   
285.468384   
401.671478   
502.632050   
584.744019   
661.643188   
686.413696   
736.746887   
772.573120   
783.760742   
780.196228   
799.014587   
815.373596   
619.879944   
505.408173   
1243.967529   
772.965393   
493.775421   
618.820068   
706.820068   
591.676880   
465.225403   
460.050262   
504.401062   
443.992981   
398.186188   
346.321564   
321.249298   
256.258209   
168.103531   
 81.683907   
 -5.146807   
-86.368668   
-197.272141   
-313.882599   
-432.907135   
-555.066101   
-661.345154   
-754.618469   
-826.810242   
-873.684509   
-904.991821   
-919.272461   
-911.385376   
-861.093689   
-760.276367   
-370.831818   
-574.507019   
-699.344055   
-161.751526   
-49.293957   
-131.421143   
-34.662556   
215.841553   
301.284241   
309.684387   
375.942841   
450.495850   
450.111115   
140.669983   
580.934326   
799.931152   
338.117523   
312.743500   
515.090881   
458.756470   
282.409302   
279.610535   
374.411469   
300.899506   
174.282059   
107.235245   
 42.757149   
-39.230404   
-133.752167   
-216.222549   
-299.122894   
-357.083038   
-425.619720   
-506.543488   
-568.867920   
-610.706482   
-649.048645   
-681.008484   
-667.263367   
-341.753723   
-646.163025   
-971.793396   
-422.790710   
-290.835846   
-435.064697   
-342.074310   
-142.480530   
-44.801540   
-41.584053   
 62.062084   
194.846832   
258.415833   
267.174286   
310.917877   
355.544067   
395.783417   
383.396301   
389.891602   
391.264587   
402.863403   
293.268799   
 77.383835   
538.329956   
653.408997   
235.980148   
208.716309   
419.531738   
349.946442   
180.109741   
116.608627   
105.330399   
 57.211380   
-48.996014   
-119.777000   
-156.685760   
-214.325241   
-299.051239   
-339.486725   
-385.436920   
-414.888458   
-437.686279   
-432.771362   
-391.924683   
-228.651154   
-129.459641   
-287.048889   
-153.030701   
-71.197861   
 57.931816   
104.606194   
113.990799   
155.682373   
151.288116   
244.338821   
 89.246727   
266.929138   
255.251129   
246.764221   
181.886353   
100.011948   
 77.802551   
102.452339   
 37.612186   
 17.488758   
 50.233227   
 32.769024   
  9.273392   
 15.406653   
  4.022826   
 -3.838025   
-19.914154   
-55.668591   
-64.393196   
-88.118881   
-135.962585   
-178.193573   
-226.074905   
-234.456223   
-255.813171   
-250.509720   
-247.873123   
-187.612122   
-93.169563   
-232.023361   
-200.255798   
-272.854889   
-200.523560   
-108.136711   
-153.785080   
-217.584213   
-184.794495   
-136.539703   
-189.550919   
-267.562836   
-287.426025   
-293.627167   
-327.069458   
-365.060699   
-380.261780   
-352.443451   
-276.351532   
-215.313538   
-160.110687   
-60.685329   
 11.487586   
109.324898   
205.793076   
260.667633   
302.423401   
373.453339   
391.377747   
390.868561   
416.374573   
409.392700   
404.077972   
385.512329   
378.447449   
394.165222   
334.273895   
 92.271782   
369.722870   
569.399658   
414.594238   
142.506943   
307.225098   
436.000183   
297.470825   
229.469742   
280.934479   
308.782898   
247.465805   
246.066330   
268.939575   
281.304077   
232.992722   
179.215729   
128.316803   
 95.866501   
 66.520554   
 14.938905   
-50.840515   
-71.209175   
-90.057678   
-108.800575   
-138.557693   
-164.678528   
-197.973709   
-193.364380   
-196.872360   
-199.527817   
-209.994995   
-201.240311   
-207.181152   
-201.410034   
-219.277863   
-231.978104   
-253.734741   
-275.084167   
-302.412018   
-305.471130   
-308.658447   
-346.940186   
-327.461670   
-308.236023   
-301.819824   
-253.787643   
-112.361351   
-251.977081   
-256.371429   
-267.675964   
-230.835175   
-183.402649   
-229.967575   
-262.500824   
-231.453781   
-222.551926   
-267.027191   
-269.230072   
-246.666077   
-217.719986   
-212.741058   
-199.127945   
-162.577560   
-88.639435   
-62.642975   
-48.075603   
 -7.047883   
 33.357460   
 64.562912   
 99.298965   
139.236649   
189.060623   
212.778778   
234.407181   
263.575867   
284.412201   
311.276184   
351.658936   
379.741211   
379.484772   
414.816742   
385.387878   
165.108566   
316.915283   
455.591797   
304.577148   
-12.453166   
-17.979136   
 35.892227   
-119.377220   
-284.864868   
-321.577423   
-331.294098   
-361.522644   
-211.009705   
-343.319061   
-681.864685   
-654.834778   
-389.235291   
-472.622131   
-591.269653   
-545.734314   
-434.170746   
-425.498962   
-389.778473   
-324.545990   
-277.901794   
-284.672516   
-230.495667   
-162.943481   
-130.187698   
-90.031273   
-40.143181   
  1.823717   
 42.821266   
 62.831547   
 94.157860   
138.897125   
176.134018   
181.475174   
216.882645   
252.738998   
308.994141   
329.577820   
362.756042   
400.803925   
439.960724   
474.361084   
512.061951   
516.535522   
513.031311   
544.063354   
586.630066   
514.400574   
179.668396   
952.375366   
965.034119   
397.537384   
576.260864   
822.883606   
750.039368   
577.226501   
576.834229   
549.355469   
446.705017   
327.676727   
272.854889   
174.274506   
 59.018169   
-39.573605   
-136.913086   
-226.267334   
-352.428345   
-469.423584   
-565.314636   
-674.166199   
-747.127319   
-793.398193   
-818.315735   
-828.541626   
-793.745117   
-715.333435   
-624.379822   
-582.548828   
-164.395660   
-553.798767   
-430.002777   
-72.438759   
-104.485420   
-191.795288   
-61.515137   
 55.423447   
 74.686897   
 69.609818   
102.652313   
117.378090   
115.099777   
 61.277534   
  0.209360   
-12.781282   
-50.508541   
-100.321205   
-150.892014   
-175.998245   
-164.448471   
-177.299561   
-213.099350   
-193.394547   
-160.408707   
-164.429611   
-180.369965   
-164.765350   
-117.672264   
-107.401192   
-94.953728   
-81.672592   
-33.033028   
  0.367761   
 -9.650537   
-32.380478   
-41.421879   
-44.884602   
-48.203918   
-58.516479   
-52.707649   
-33.036797   
-11.604501   
 13.158516   
 35.945026   
 55.842167   
104.164841   
120.214577   
131.922745   
155.437241   
175.877548   
168.239304   
231.834702   
262.455566   
288.319946   
359.757355   
415.737122   
470.766418   
486.371063   
153.064636   
506.996216   
962.393738   
463.561951   
193.081528   
440.654816   
426.426910   
217.972763   
 88.039680   
126.306351   
 76.463516   
-60.998447   
-152.272552   
-142.450363   
-224.679291   
-259.766174   
-289.655212   
-277.139862   
-280.315857   
-241.905884   
-213.861267   
-174.447998   
-166.443832   
-188.736191   
-223.034668   
-219.436264   
-244.810349   
-293.955292   
-329.087433   
-136.992279   
-234.365707   
-354.204956   
-393.942688   
-320.359070   
-197.709717   
-242.184982   
-251.916733   
-103.323723   
  0.314960   
 33.463058   
 85.987747   
216.437531   
335.741211   
410.788330   
518.281921   
628.223572   
297.346344   
690.393188   
1137.484863   
615.674194   
501.221283   
593.117798   
475.447449   
255.948944   
185.239624   
116.423737   
-20.027298   
-131.688919   
-209.119934   
-250.981232   
-326.499878   
-422.002380   
-496.532806   
-574.808716   
-627.141052   
-672.272583   
-689.378479   
-690.140503   
-451.095551   
-313.958038   
-839.661255   
-533.841248   
-101.592361   
-177.061966   
-273.884674   
-124.639099   
 58.969139   
 66.558273   
 43.085354   
 82.400574   
137.486435   
157.398651   
145.539536   
165.632874   
177.276932   
191.765106   
225.365784   
258.479950   
309.846619   
309.839081   
240.928909   
122.100563   
347.019379   
499.316498   
380.390015   
140.247482   
209.863007   
302.249908   
206.260742   
101.407562   
 57.958214   
 44.986431   
 -8.360612   
-74.139946   
-111.539001   
-139.560989   
-176.496155   
-216.098099   
-256.963562   
-273.514984   
-268.249329   
-272.726654   
-260.652557   
-241.672058   
-198.498032   
-138.018295   
-93.014931   
-24.681887   
 -0.009472   
 42.251686   
126.253464   
195.944412   
181.833466   
182.214478   
192.904266   
183.723236   
144.291092   
121.844101   
 75.501617   
 34.579498   
-25.783327   
-39.456688   
-79.990257   
-122.662598   
-165.795059   
-202.100296   
-247.477112   
-276.962616   
-313.984436   
-291.020660   
-127.419014   
-349.033600   
-321.683105   
-407.291687   
-237.421021   
-141.582748   
-203.171570   
-177.808792   
-92.818733   
-34.349438   
-26.688564   
 -1.906777   
 38.630653   
 83.630241   
111.052483   
130.840256   
145.679169   
177.680573   
203.435562   
218.040649   
209.342453   
208.207077   
231.468872   
217.248566   
154.101959   
 97.439461   
229.677170   
232.706085   
314.923706   
225.512863   
107.020271   
130.949615   
144.374069   
 24.542343   
-41.995228   
-43.549244   
-87.405991   
-135.811646   
-176.515015   
-200.961136   
-235.335144   
-282.326324   
-318.650421   
-298.666534   
-151.914169   
-233.698059   
-299.945221   
-307.059174   
-353.846680   
-206.671906   
-154.852570   
-218.300888   
-195.740753   
-93.946571   
-54.989643   
-54.706783   
-20.966478   
 46.268902   
 71.876808   
100.860611   
127.777390   
184.854843   
236.828812   
273.994049   
297.685791   
358.893555   
406.707031   
260.260315   
203.428024   
484.922607   
602.249756   
333.187592   
223.830627   
326.017090   
238.669540   
101.490532   
 41.082451   
 12.954857   
-45.627666   
-97.198006   
-116.774567   
-153.245758   
-195.993439   
-239.359802   
-269.912781   
-286.415100   
-294.732300   
-290.213470   
-290.783051   
-275.416046   
-258.740173   
-222.295380   
-85.950035   
-226.252167   
-207.086853   
-216.049057   
-275.793274   
-200.466995   
-118.381386   
-131.168365   
-164.448471   
-93.822113   
-33.232914   
-28.966873   
-28.699011   
 -0.069728   
  9.250763   
 -0.096216   
 -0.348903   
  9.326192   
 34.583359   
 53.843033   
 67.825653   
101.290642   
126.362923   
146.177094   
159.733536   
156.082245   
164.486176   
168.031876   
162.045700   
144.815414   
 95.081955   
104.609962   
161.536560   
128.716568   
129.916061   
 82.694832   
176.273636   
185.530014   
 56.351315   
 82.411888   
163.675232   
152.627151   
 78.217415   
 84.109306   
110.667709   
122.704086   
 85.950035   
 73.928741   
 65.079689   
 50.259624   
  2.148150   
-22.565838   
-64.864716   
-109.566353   
-132.730011   
-169.770691   
-216.912811   
-247.148911   
-283.197601   
-324.134827   
-341.621735   
-355.819427   
-296.923859   
-201.342148   
-475.519135   
-559.309631   
-477.125946   
-299.122894   
-339.739502   
-379.899628   
-286.735748   
-188.430618   
-133.122238   
-106.443062   
-28.865044   
 83.543495   
131.311676   
161.038635   
219.085434   
290.590698   
316.387207   
352.466125   
405.579224   
455.406952   
476.541290   
521.035461   
302.223450   
384.218567   
891.099731   
715.205200   
356.996246   
481.112915   
562.406433   
428.558105   
275.057770   
248.291840   
185.047180   
 58.422192   
-27.669317   
-88.035912   
-153.185410   
-224.121033   
-311.774109   
-390.480042   
-480.192596   
-562.561157   
-663.336853   
-722.515198   
-777.733154   
-771.520752   
-338.400482   
-666.256287   
-1218.061646   
-616.568176   
-362.465607   
-533.166077   
-602.253479   
-359.655518   
-199.886185   
-217.157959   
-226.938736   
-140.998093   
-73.838226   
-54.729412   
-10.789692   
 49.935192   
105.790604   
163.497971   
191.365250   
279.682190   
337.834656   
395.410004   
457.413666   
499.508820   
541.147644   
590.285034   
644.586365   
656.385071   
649.399414   
232.264740   
663.717834   
1054.950317   
377.606323   
255.130447   
438.983795   
337.759186   
111.565491   
 69.855049   
 61.330334   
-35.066105   
-148.330856   
-162.962341   
-187.201035   
-231.857330   
-305.787994   
-338.083588   
-332.233276   
-342.078064   
-364.555237   
-357.433777   
-357.188629   
-324.259369   
-315.425385   
-252.037415   
-96.862343   
-290.462494   
-245.387466   
-317.975250   
-254.949326   
-105.409599   
-106.205460   
-169.793411   
-118.841591   
-25.722984   
-31.316751   
-51.983444   
-22.475235   
 21.422913   
 18.288395   
 38.936142   
 68.930870   
 83.415268   
 75.132011   
108.298973   
117.166801   
 88.873260   
 83.879158   
107.129646   
101.784706   
 90.951683   
 87.662453   
102.637230   
 82.317596   
 75.603531   
 40.935276   
 69.507988   
102.425941   
 52.881138   
 59.161484   
 21.641657   
 50.191738   
 83.445442   
120.867119   
 53.699631   
 65.328598   
 59.410400   
134.506546   
120.018456   
-29.890966   
-36.061943   
 27.137455   
 -0.903395   
-56.008110   
-70.085106   
-38.313763   
-49.116699   
-48.713154   
-63.748188   
-71.903214   
-10.303086   
-10.691634   
  1.725659   
 29.826851   
 69.760674   
 71.461861   
 67.305191   
 82.310059   
 76.365456   
 60.206352   
 21.351254   
 -8.236067   
 -7.391173   
-33.515862   
-71.420380   
-65.158890   
-91.705978   
-110.886452   
-98.914276   
-128.984436   
-138.983871   
-140.858551   
-159.533554   
-149.055054   
-44.345196   
-129.161697   
-148.357254   
-156.040756   
-99.747856   
-145.909225   
-226.716141   
-178.668777   
-62.650517   
-90.431046   
-139.802460   
-84.852364   
  4.245342   
 15.304736   
 20.344101   
 52.598278   
 93.739143   
105.722626   
124.171356   
142.544647   
177.755997   
169.574570   
172.961777   
186.420166   
133.043045   
 71.997498   
194.548798   
156.180298   
115.620331   
 85.391769   
164.474869   
102.474968   
-27.786232   
-26.273703   
 -1.073110   
-55.257504   
-114.137970   
-140.436142   
-119.920311   
-154.671539   
-171.996201   
-162.471970   
-154.739426   
-77.734665   
-104.353416   
-156.063385   
-147.455780   
-45.488121   
-15.738541   
-23.776649   
-62.186543   
-32.256020   
 86.002838   
 94.682091   
 90.404739   
 81.574532   
108.212143   
118.698273   
 35.862057   
101.826279   
 97.133888   
110.961967   
 20.019756   
-15.742312   
  0.816651   
 22.916582   
 19.148375   
  5.720156   
 -0.748765   
-34.221210   
 -8.462441   
 20.389359   
 38.381649   
 23.248558   
 31.388496   
 46.363186   
 49.384560   
 30.773663   
 14.222241   
 23.282501   
  8.858444   
-20.977793   
-32.576591   
-35.349049   
-55.276360   
-70.779144   
-80.031746   
-90.778114   
-90.698914   
-66.916649   
-57.739471   
-49.365704   
-43.651073   
-44.997746   
-39.479317   
-30.581230   
-51.161091   
-59.983749   
-60.085579   
-53.141365   
-17.405787   
-62.661831   
-66.513016   
-106.130035   
-92.913017   
-111.814407   
-95.198868   
-124.344841   
-249.132965   
-267.351624   
-107.944366   
-98.725616   
-194.016937   
-150.179123   
-27.522142   
 -0.892080   
 10.073028   
 44.929859   
105.089027   
140.492722   
160.272934   
177.782394   
208.678589   
225.169662   
202.816956   
181.776901   
175.892639   
 49.863533   
169.668854   
171.735886   
157.455231   
 64.532738   
168.386398   
236.972122   
 57.260410   
 10.378603   
 98.702988   
 84.018791   
 -4.343400   
-31.577070   
-26.564106   
-56.709690   
-76.520088   
-62.786289   
-85.474747   
-116.495392   
-113.673996   
-129.493668   
-160.057877   
-168.476990   
-160.446426   
-185.654480   
-196.574326   
-77.282005   
-197.268356   
-246.964111   
-155.207184   
-188.966248   
-291.050934   
-268.053192   
-88.933609   
-134.947891   
-168.929565   
-126.751381   
-37.167152   
  0.424332   
 -2.204722   
  3.758824   
 84.169647   
129.214493   
142.476761   
146.131836   
185.115067   
213.438873   
244.210602   
257.544434   
274.740875   
231.431152   
 84.022560   
260.079224   
253.829117   
237.873672   
247.767517   
170.042328   
 72.653816   
110.735596   
107.008957   
  2.993043   
-22.584696   
 -9.337506   
-26.281246   
-67.384392   
-67.391853   
-95.164925   
-96.839714   
-107.099472   
-133.831360   
-148.643875   
-161.313950   
-189.973404   
-197.457016   
-201.979614   
-194.413025   
-170.845734   
-60.670242   
-179.977646   
-168.582596   
-146.192169   
-37.932846   
-45.793610   
-141.133957   
-71.488266   
 93.180878   
 77.561180   
 31.814671   
 64.977859   
117.800583   
126.012085   
 89.178841   
 90.408508   
 85.980209   
 10.299402   
 52.658623   
 68.316032   
 40.452530   
 21.124968   
-25.070435   
 -1.223968   
 -7.368544   
 -8.028636   
-23.308903   
 -4.094483   
 -2.894986   
  4.332085   
  5.312839   
 23.987852   
 43.315414   
 83.894333   
 64.140503   
  5.335467   
  4.166141   
  1.684174   
  4.739490   
-28.932930   
-55.721394   
-55.106556   
-20.981564   
-55.280132   
-20.283756   
-11.615815   
 -3.257045   
  9.084819   
 29.834394   
 25.458895   
 12.988800   
-20.634590   
 -4.762119   
-22.350777   
-55.227333   
-69.832420   
-57.852615   
-85.527542   
-75.833595   
-75.052811   
-63.480415   
-74.320976   
-24.712059   
-80.752182   
-85.199341   
-39.799980   
-50.500999   
-16.768324   
-36.077026   
-19.717951   
-13.486720   
 -5.146807   
 -2.838414   
-33.610146   
-19.914154   
-41.169193   
-32.882168   
-31.177208   
-48.509407   
-83.996162   
-61.077648   
-48.007717   
-58.965370   
-51.832497   
-28.495354   
-21.422913   
 -2.408381   
-12.905741   
 10.729348   
  3.162759   
  9.239449   
 14.097783   
 28.216265   
 18.261995   
 15.531111   
  3.721022   
 22.301748   
 33.606377   
 25.960585   
 28.057777   
 42.568577   
 36.623978   
 60.632526   
 66.595985   
 95.259209   
 77.561180   
 33.010399   
 58.176960   
101.573502   
126.453438   
121.063324   
 48.354778   
 48.611237   
 71.280830   
184.579437   
 47.336311   
-89.895500   
-34.172180   
  1.948263   
-91.234543   
-142.031647   
-133.073212   
-139.983490   
-165.859161   
-187.408463   
-90.351852   
-137.625977   
-201.100693   
-216.946762   
-141.975067   
-121.123672   
-324.708160   
-264.281219   
-42.764694   
-62.246883   
-149.707611   
-77.346123   
 32.972683   
 38.766426   
 37.023750   
 90.525421   
129.569092   
128.595886   
130.870422   
152.989212   
176.643250   
187.423553   
151.284332   
150.835449   
139.576080   
122.685226   
 65.385262   
160.782089   
167.620697   
156.410446   
 77.776154   
187.834732   
270.191895   
111.656006   
 39.667892   
 95.281837   
 78.534302   
 -7.568431   
-73.909889   
-70.032303   
-58.663567   
-77.455490   
-145.667847   
-144.747528   
-135.223297   
-149.481323   
-160.736832   
-151.329514   
-158.760330   
-117.381859   
-101.124611   
-105.217255   
-37.646130   
-47.562683   
-74.701981   
-56.143883   
-46.627190   
 -1.710574   
 -5.373182   
 11.695016   
-17.205812   
  7.319515   
 -4.562232   
  9.620365   
-23.633247   
 -9.790169   
-28.020061   
-27.869204   
-35.846882   
-38.626881   
-54.755814   
-30.109711   
-60.734356   
-31.720385   
 -6.561365   
-27.510828   
-26.409475   
-19.963184   
 -3.185475   
 22.607325   
  7.187514   
 15.840370   
 28.491581   
 46.563072   
 30.637802   
 36.424004   
 38.408051   
 45.076946   
 30.430372   
 24.685658   
  4.234027   
 22.777039   
 30.543516   
 32.157963   
 31.973160   
 17.828190   
  7.794806   
  7.824978   
 -9.416707   
 -1.469201   
-19.291777   
-14.663501   
-36.586174   
-15.331137   
-57.694126   
 -6.531194   
-71.265747   
-55.868568   
-78.390991   
-66.369698   
-92.286957   
-143.928955   
-105.021049   
-97.077316   
-48.958298   
-168.280792   
-236.896698   
-33.089600   
 61.982883   
-25.191120   
-45.721951   
 46.348103   
 89.280670   
 73.551514   
 71.790070   
116.985771   
130.825165   
117.102684   
114.854637   
137.720352   
 10.955636   
127.004158   
116.770798   
161.668549   
 49.214756   
 52.869823   
 94.210571   
194.997681   
 94.965042   
-42.002773   
  4.698004   
 57.984615   
-14.505100   
-88.786522   
-80.695610   
-85.357826   
-141.628098   
-123.594238   
-129.554016   
-147.350189   
-148.349701   
-135.770157   
-89.216553   
-41.440739   
-113.564621   
-150.013092   
-45.525837   
-14.572987   
 14.772961   
-13.935523   
-13.045372   
 11.347955   
 14.912505   
 20.740191   
 27.295855   
 29.642050   
 38.430767   
 26.862051   
 63.073009   
 57.158581   
 90.200989   
 45.499435   
 99.525337   
 72.793365   
 37.517899   
 36.012913   
 22.211233   
 57.222694   
 44.941174   
 85.821716   
-66.909103   
-100.268402   
-68.753609   
-105.507660   
-159.612762   
-155.595642   
-139.017899   
-76.904770   
-152.857208   
-194.620453   
-127.004158   
-61.854652   
-31.177208   
-55.962852   
-135.804092   
-95.930618   
 56.275883   
 53.658142   
-23.459761   
  0.348903   
 33.644089   
 53.684544   
 30.377571   
 40.569443   
 60.247753   
 47.819145   
 40.237469   
 77.134918   
 49.222301   
 74.766098   
 69.832420   
 15.870542   
 36.216572   
 56.883175   
 76.848198   
 64.732712   
 52.266300   
 33.180115   
 28.129435   
 54.069321   
 26.220903   
 46.544216   
 57.505554   
 57.641415   
 -8.205894   
-16.462748   
-12.351336   
 12.302308   
-24.746002   
-57.731930   
-83.803726   
-64.000877   
-45.374889   
-45.978413   
-71.043144   
-72.408585   
-84.863678   
-48.286892   
-76.508774   
-95.097038   
-41.795341   
-20.547758   
-70.307625   
-71.156288   
-55.351791   
-75.803421   
 -3.279762   
-27.552315   
-30.121113   
-47.551369   
-44.118820   
 -6.040817   
-48.169975   
-27.209112   
-52.481274   
-15.885628   
-11.510127   
 -4.569775   
 10.412546   
 16.187431   
 38.789055   
 53.692085   
 55.295219   
 55.645962   
 72.770737   
 68.025627   
 33.572433   
 91.166656   
 90.559364   
 85.889694   
 25.104378   
 18.986202   
 31.309208   
 28.295465   
 35.820568   
 29.068701   
 26.741364   
  9.348821   
 -3.807765   
-11.691244   
-37.646130   
-65.355003   
-70.635826   
-83.298264   
-95.017838   
-107.812363   
-103.942329   
-102.403313   
-83.943268   
-27.854118   
-111.965263   
-129.010834   
-135.626846   
 16.764551   
  2.265065   
-37.159523   
-66.641243   
-67.870911   
 -9.914626   
-39.015343   
-31.256409   
-21.909517   
  5.444839   
 16.681580   
 13.196230   
 14.871019   
 30.909435   
 71.009201   
 58.373161   
 61.967796   
 65.245628   
 70.801773   
 54.703011   
 39.245487   
101.339676   
 77.712036   
 88.888351   
 39.415203   
 35.850742   
  6.968682   
 31.746784   
 34.040180   
 31.018806   
 28.265295   
-18.009308   
-49.399647   
-38.340164   
-27.608974   
-72.702850   
-118.422867   
-113.673996   
-123.130348   
-104.164841   
-84.399704   
-58.961510   
-152.936417   
-136.064423   
-121.097183   
-49.086529   
-45.770981   
-49.403416   
-71.552376   
-104.161072   
-19.091803   
 62.288460   
 32.418190   
  5.309067   
 47.777657   
 93.780624   
104.745735   
111.520142   
102.535309   
 98.152359   
 67.033562   
 52.843422   
124.612701   
106.009346   
 79.149139   
 14.705075   
  9.446878   
 16.564577   
 32.214535   
  2.804471   
-26.251074   
-50.006851   
-62.895752   
-73.842003   
-110.211273   
-106.360184   
-109.332436   
-100.521095   
-43.530476   
-101.320816   
-131.017502   
-90.332993   
 23.968994   
 24.700745   
-23.146729   
-46.744102   
-14.742789   
 19.589722   
 23.448446   
 24.444284   
 29.691080   
 38.611797   
 43.104214   
 44.020763   
 21.056993   
 31.920271   
 -0.948652   
 51.240379   
 15.199136   
 74.453064   
  2.555467   
 31.878786   
-31.271494   
 21.200396   
 11.981647   
  2.827100   
-11.619587   
 -5.788129   
 -2.193408   
 -8.967816   
-37.291611   
-30.351171   
-46.989334   
-47.370342   
-37.027523   
-65.920807   
-69.066635   
-16.081743   
-46.593246   
-63.861332   
-76.565346   
-33.097141   
-43.258842   
-15.802656   
-24.595142   
 15.323593   
-34.937874   
 21.185310   
-31.037664   
 29.245960   
  8.217209   
 65.234314   
 31.139494   
 53.533688   
  2.785614   
 30.000340   
 21.883118   
  9.378992   
 98.593613   
 62.167683   
 15.236850   
-29.370419   
-34.632385   
  9.771312   
  6.919653   
 18.318567   
 37.076550   
-30.754805   
-12.581395   
 38.245876   
 15.180278   
 -5.920130   
-10.548319   
 28.397295   
 29.015902   
-21.396511   
  1.250369   
 19.446407   
  4.403743   
-27.454256   
-31.509184   
-25.066574   
-29.185617   
-57.667725   
-44.790226   
-62.194172   
-56.057140   
-49.561817   
-62.646748   
-78.832253   
-70.847031   
-23.406960   
-21.177679   
-107.665276   
-38.864483   
-96.688766   
-58.870995   
-60.195038   
 20.302614   
 21.238110   
-54.620041   
-61.032391   
-80.239265   
-53.186623   
-53.880749   
-22.252720   
  5.988017   
  2.759213   
-11.996733   
-12.155133   
 18.601513   
 38.193077   
 21.234339   
 13.509349   
 51.327122   
  5.256267   
  7.123400   
  3.340105   
-42.809952   
 -6.617937   
 40.482700   
-12.856711   
-27.476885   
 -3.803994   
 11.170696   
 11.540298   
 20.717562   
 21.072079   
 18.918316   
 17.375616   
 32.297504   
  5.871101   
  2.830871   
 -8.122923   
-12.008047   
-33.538490   
-42.398861   
-52.424702   
-80.744637   
-72.932907   
-80.393898   
-76.259766   
-66.396095   
-40.214840   
-54.801071   
-44.213196   
 -6.289733   
 16.308119   
 21.619028   
 18.390224   
 64.966545   
 68.451805   
 78.930397   
 76.504997   
 95.108353   
 83.494469   
 38.487251   
 27.839033   
113.564621   
109.174034   
 86.342270   
-10.699177   
 -5.369411   
 -6.708452   
 31.124407   
 16.934267   
  3.785137   
 -3.253361   
-32.606766   
-61.349190   
-47.709770   
-35.186790   
-55.762966   
-70.349106   
-60.907932   
-67.391853   
-66.411186   
-43.364441   
-62.959866   
-38.981400   
-99.804428   
-23.157955   
-32.972683   
-12.362651   
-53.612885   
-19.001287   
-35.711109   
 17.183184   
-19.582178   
 -4.954463   
-40.942818   
-11.717645   
 -5.859787   
 37.053921   
 44.695942   
 41.972599   
 14.969077   
 32.150417   
  9.775083   
 25.945499   
 13.286745   
 25.202435   
 -1.876518   
  9.299792   
 -4.320771   
-15.380165   
-73.528885   
-13.109487   
-23.799278   
-32.765251   
-94.874435   
-101.671562   
-52.371902   
  2.408381   
 -9.495908   
-49.520332   
-53.967491   
-11.943932   
  1.371143   
 20.423389   
 -9.352592   
 -4.754576   
 29.657137   
 42.700577   
 25.602209   
-15.319822   
 22.060375   
 27.767374   
 28.906528   
-14.146812   
-19.250204   
 27.080883   
  8.021093   
 12.528595   
  1.190025   
 -1.635145   
 18.801401   
-34.002464   
  8.794330   
-13.973237   
-30.377571   
 36.288231   
-20.457245   
 14.158127   
-30.249342   
 -7.715606   
-12.083476   
-83.264412   
-49.173271   
  1.748288   
 -0.039644   
-37.763042   
-42.278088   
-30.064453   
 -5.957845   
 -6.636795   
 -1.529544   
 -6.633023   
-17.590588   
-13.441375   
-19.212488   
-17.356758   
-30.815147   
-26.903624   
-33.165028   
 -7.659034   
  4.184999   
-16.210060   
  8.556727   
 26.005842   
 25.790869   
 26.926252   
 66.690361   
 79.975174   
 20.562933   
 36.684319   
104.451477   
 61.088963   
120.101433   
 14.837076   
 72.382187   
  6.316133   
 73.000877   
 95.146065   
143.110458   
 62.269600   
-37.608414   
 38.468479   
 70.315163   
 34.949188   
-17.085125   
-41.218224   
-43.470043   
-33.572433   
-47.536285   
-77.414009   
-75.520477   
-73.321449   
-101.494301   
-96.164536   
-92.369926   
-101.358528   
-100.668266   
-77.059494   
-83.939499   
-64.208389   
-40.422356   
-36.235428   
-31.558212   
-46.129269   
  3.253361   
-32.569050   
 24.214138   
-13.471546   
 22.052832   
 20.155527   
  3.705936   
 -1.288083   
 14.508872   
  8.541642   
 31.795815   
 82.430740   
 61.756596   
  3.943625   
  1.710574   
 59.346287   
 46.502731   
  7.960750   
 -2.513981   
 21.162682   
 18.111137   
  7.602375   
 15.044506   
 16.915411   
  5.297753   
  4.845090   
 -3.698393   
  1.344743   
 -9.861826   
-11.189553   
  1.355969   
-18.880600   
-13.173601   
 -4.731947   
 -3.151445   
-13.705464   
 -7.217686   
-17.352987   
-12.091019   
 -3.268360   
-10.684091   
-28.725412   
-10.261688   
-15.859227   
-23.233473   
-44.726112   
-42.044258   
-32.972683   
-48.735783   
-65.053284   
-63.325695   
-61.198334   
-61.356735   
-108.197052   
-77.055717   
  4.603717   
-105.734032   
-62.005512   
-146.493896   
-63.284210   
-52.628448   
-15.576368   
-17.794247   
-44.224510   
-22.403666   
-52.107903   
 -8.081437   
 67.708740   
 66.543182   
 26.194416   
 41.248394   
 62.578861   
 92.275642   
 52.692562   
 45.552147   
 40.022495   
 71.974869   
 72.393501   
 42.508236   
 13.950608   
-17.534016   
-11.004752   
-13.743178   
-15.429194   
-25.077888   
-56.306057   
-43.798248   
-83.241692   
-50.274712   
-89.186378   
-41.678429   
-86.915619   
-93.595741   
-120.312630   
-42.787323   
-44.130135   
-60.021465   
-140.383347   
-22.067919   
 -1.495601   
-29.283674   
  8.130466   
 56.453232   
 45.382435   
 31.942987   
 62.141285   
 53.118740   
 74.181435   
 97.612953   
 90.710228   
 53.933548   
 13.912894   
 40.343155   
 72.574615   
 59.542488   
 39.211544   
 -6.078531   
  1.359828   
  4.169913   
 16.326975   
 -3.905911   
 -4.777205   
-21.321083   
-31.890100   
-39.569832   
-54.250351   
-66.399872   
-50.523628   
-38.087475   
-44.077335   
-52.092815   
-51.564724   
-57.607384   
-109.355064   
-66.867615   
-51.047947   
-23.886023   
-24.960974   
-42.225376   
-46.125496   
-36.401375   
-29.970167   
-19.914154   
  0.303646   
 -8.730214   
-51.625069   
-42.881607   
  3.053387   
 22.313063   
 -1.544630   
 19.035231   
 45.895439   
 38.943684   
 41.489765   
 45.484264   
 37.721558   
 22.799667   
 39.803753   
 25.832355   
 -3.034529   
  1.042939   
 -4.943149   
 -2.019921   
 -6.086074   
 -7.734463   
 -8.130466   
 -1.299397   
 -4.569775   
-10.140914   
 12.196707   
  4.747033   
 14.965305   
  4.833776   
-26.598049   
 -6.844224   
 15.595226   
 22.207462   
-10.989666   
-20.204557   
-14.176984   
  1.390000   
-22.241405   
-32.761482   
-46.691303   
-55.864796   
-35.669624   
-34.869987   
-57.924271   
-44.443253   
-28.412380   
-32.983997   
-18.582657   
-11.947703   
  5.248724   
  8.549185   
  9.088591   
 20.238501   
 30.004110   
 22.316833   
 20.766590   
 19.921698   
 28.295465   
 -9.348821   
  5.188381   
 -4.912977   
-21.890572   
-23.135414   
-32.429504   
-38.332623   
-22.233862   
-14.237327   
-20.204557   
-15.968599   
 -2.823328   
 12.238194   
 28.533068   
  1.952034   
 40.388412   
 40.105469   
 12.245736   
 -4.384885   
 53.069710   
 13.482948   
 50.636860   
 -0.541247   
 -1.242826   
-39.004028   
-28.235035   
-25.575809   
-31.256409   
-40.554359   
-60.790928   
-29.166759   
-30.924520   
-72.453934   
-94.497292   
-87.805855   
-78.670074   
-47.807831   
-67.708740   
-164.244812   
-52.975422   
  2.744128   
 -1.902918   
-22.033976   
  1.020310   
 17.481216   
 32.772797   
 27.548630   
 36.193943   
 45.416378   
 55.004730   
 56.555058   
 58.497620   
 61.541622   
 47.966228   
 35.986515   
 46.170841   
-15.395339   
 55.849709   
 28.393524   
 63.171066   
 23.704905   
  4.780976   
 -7.824978   
 -7.806120   
-14.863476   
-20.325243   
-28.948015   
-34.428638   
-51.304405   
-41.078590   
-55.857254   
-39.332233   
-20.808077   
-32.452133   
-48.524494   
-51.602440   
-49.448673   
-22.509266   
 34.632385   
 22.999556   
 -5.350553   
-12.200479   
 24.451828   
 61.533993   
  4.728176   
 27.356199   
  3.076015   
 86.259293   
 19.642523   
 25.138321   
-19.397377   
 20.468559   
 -1.269226   
 21.256968   
 20.924992   
-52.194645   
-55.608250   
-36.473030   
-28.883900   
-73.328995   
-32.146648   
-23.572905   
-36.258057   
-28.563240   
-14.195841   
 -6.976313   
  0.209360   
  1.322114   
 16.960667   
  2.227351   
  5.467468   
 15.255707   
 14.739018   
 -7.817435   
 -9.345049   
 -7.934350   
 -8.451127   
 -9.752454   
-12.705853   
-22.988329   
-11.747816   
  1.612516   
 -1.408857   
-19.627436   
-20.740191   
 -6.912110   
 17.345444   
 -6.112474   
-17.352987   
 -3.487192   
 16.817352   
  3.739879   
 -6.855539   
 15.968687   
 18.148851   
 17.194498   
 19.088032   
 16.123318   
 16.640007   
 17.926334   
 25.613523   
 -0.646848   
 -6.376476   
 11.906218   
 -1.823717   
-23.972765   
 -4.950691   
-15.349994   
-45.069405   
-45.921841   
-28.171007   
-39.283203   
-57.901642   
-50.142712   
-28.646212   
-42.647778   
-64.917511   
-71.869270   
-45.340946   
 -3.181616   
-63.929218   
-40.814587   
-31.954214   
-63.982018   
 -8.273781   
-27.797546   
  4.830005   
-37.963017   
 -6.202990   
 -3.517363   
  2.680013   
 20.151756   
 30.411514   
 25.798412   
 10.129600   
  4.037912   
 27.163855   
  9.937255   
 -5.256267   
  0.767622   
 31.441298   
 14.523957   
  6.553823   
 -9.099905   
 -7.534488   
-18.835344   
-27.495743   
-10.891608   
-41.825512   
-18.620371   
-47.087395   
 -9.043333   
-41.923573   
-19.393606   
-41.014477   
-39.973465   
-52.292702   
 -4.894119   
-21.528513   
-14.772961   
-29.159216   
 -9.541165   
-44.115051   
-37.193554   
  8.134237   
 10.223886   
 13.068001   
 18.001764   
 26.522619   
 39.769810   
 34.862446   
 16.198746   
 13.950608   
 23.154272   
 27.737204   
 35.620594   
 14.833304   
  5.923902   
  5.116635   
  5.965388   
 -8.930101   
  1.537087   
 -8.643471   
  1.042939   
-31.599699   
-25.541866   
-14.422128   
-20.427073   
-25.609840   
-22.633724   
-26.937479   
 -8.767929   
-26.088814   
 -5.565526   
-10.499290   
  9.948569   
 -9.873140   
  6.697138   
  7.843835   
 12.773828   
 -4.071855   
 -4.275513   
 -1.216513   
 -0.914709   
 -6.052131   
-13.754493   
-13.192459   
-16.730608   
 -6.267104   
  2.461181   
-10.306946   
-11.027381   
  1.310800   
 13.581006   
  0.529933   
 -7.772178   
-10.367289   
 -3.819167   
-15.738541   
-17.741446   
-30.867949   
-46.932766   
-44.009449   
-40.912647   
-26.179329   
-23.678593   
-28.736727   
-25.873842   
 14.301441   
 -5.803128   
  1.080653   
  3.321248   
  9.775083   
 16.719296   
 -2.842185   
 15.097306   
  1.876605   
  3.562621   
  4.030369   
 12.208021   
 -9.839197   
 -0.597819   
  0.658250   
 -0.941109   
 -9.707196   
-24.847830   
-22.101862   
-10.476661   
-38.626881   
-55.099102   
-48.547123   
-19.069174   
-13.252802   
-45.955784   
-20.147985   
 -6.825367   
-40.988163   
-25.511694   
-46.597015   
-20.728876   
-28.499125   
-11.977875   
-15.180278   
 -5.965388   
-15.908257   
-13.697922   
 -3.340105   
-26.526390   
 -7.229001   
 -3.034529   
  2.170779   
  2.438552   
  4.686689   
  3.841708   
 -6.587766   
 11.917532   
-11.000980   
  6.229390   
 11.434698   
 -4.245342   
-23.444674   
-26.115215   
-20.574160   
-20.068785   
-27.307169   
 -9.673253   
-34.621071   
-32.071217   
-37.461327   
-21.264511   
  6.976313   
 -2.265065   
-10.039084   
 -6.402876   
  0.363989   
  7.364773   
 -0.571419   
  7.972064   
  1.967120   
  1.582344   
 -9.865598   
 -8.405869   
 -3.343876   
  5.490097   
-19.318090   
 10.902923   
 16.474062   
 14.380642   
 13.135887   
 -2.329180   
 21.762342   
  3.121273   
 21.332397   
 41.833057   
 22.026432   
 61.115360   
 -4.083169   
 41.361538   
-24.953432   
 16.847525   
-29.227102   
 -4.019054   
-33.915634   
-21.905746   
-36.710720   
-16.579662   
-56.215542   
-44.967487   
-61.945168   
-27.099739   
-24.263168   
-27.989891   
-52.243671   
-33.395172   
-37.284069   
 -0.005613   
-18.039478   
 -2.280151   
-46.023666   
  4.928062   
-23.584219   
  0.741222   
-19.480350   
 -7.379858   
  1.269226   
 -5.497640   
  2.178322   
 -4.799833   
-14.301441   
 13.396205   
-11.453555   
  9.186648   
-35.899769   
 15.900714   
-20.257357   
 -4.260427   
-18.940945   
 18.099823   
  6.210532   
 -7.406259   
 -2.906300   
 10.235200   
-11.446012   
 -7.840064   
 -4.566003   
-17.288784   
-28.442553   
-25.968128   
-25.911556   
-36.887978   
-30.362486   
-50.663258   
-52.854736   
-26.590506   
-41.553883   
-26.251074   
-14.629559   
-20.706247   
-17.028553   
  1.065567   
  9.032019   
 -9.058419   
  9.292249   
 30.196543   
 14.052438   
 35.601738   
 48.256721   
 26.318960   
 32.678421   
 30.377571   
  9.718511   
 15.817741   
 -3.879423   
 -7.677891   
-14.818218   
-21.947231   
-29.178074   
-34.775700   
-33.123543   
-36.242973   
-42.187572   
-23.780334   
-30.060682   
-28.306780   
-10.755749   
  1.563487   
 -9.556251   
 12.389051   
 22.162205   
  0.239531   
 16.889009   
 10.027770   
 -0.499762   
 10.680320   
  5.806987   
-10.348432   
-38.381649   
-17.017239   
 -8.726443   
-10.729348   
-20.155527   
 -1.235283   
 -0.786480   
 12.709625   
  9.435564   
 11.721416   
 17.360529   
  7.896636   
  3.060930   
 13.422518   
-12.871885   
 40.260098   
 14.210927   
 52.205959   
 20.381815   
 29.121502   
  3.679536   
  5.203466   
 18.910772   
 -6.003102   
-11.374354   
-18.518454   
-26.601820   
-40.565674   
-50.022022   
-47.958687   
-68.466888   
-47.362709   
-62.944778   
 -8.926331   
-90.796967   
-63.586014   
-147.682068   
-49.422188   
-28.031376   
 34.353210   
-70.337791   
-64.117790   
-65.894409   
-25.526779   
 -2.710185   
 -0.575191   
-102.071426   
-29.951309   
 95.870277   
 77.466805   
 20.121584   
 82.996552   
103.746208   
 74.558662   
 66.505470   
 36.129829   
 55.491333   
125.333138   
 65.396576   
 85.316345   
-17.341673   
 39.875408   
 -6.772567   
 52.568020   
 -9.827883   
  6.893253   
-23.863394   
-13.094401   
  5.976702   
-17.775389   
-73.570366   
-54.925529   
-80.152519   
-100.890785   
-91.392944   
-68.395233   
-63.676529   
-38.713627   
-50.478371   
-68.648010   
-61.839569   
 -7.096912   
-12.702082   
 11.498900   
-18.827801   
 23.784193   
 -7.979608   
 44.352737   
 22.399807   
 27.043167   
  1.918091   
  2.468724   
  7.749549   
 30.784977   
  5.840930   
 38.660824   
 33.738377   
 46.887508   
-17.914932   
  0.405475   
 31.309208   
 18.714657   
 -2.932700   
-17.748989   
 -4.102026   
-14.380642   
-17.948963   
-25.696583   
-36.865349   
-39.396347   
-38.728710   
-33.493233   
-43.243755   
-48.603695   
-35.737511   
-26.971510   
 -7.813663   
-13.603635   
-14.346699   
 -9.341278   
 -2.133064   
 -4.543286   
-13.807294   
 -8.530328   
-14.712530   
 -9.552479   
 -3.291076   
 11.193325   
 -2.155693   
  7.278029   
  5.588155   
 14.433442   
  9.186648   
 10.710491   
 12.464480   
 12.630424   
 17.402016   
 10.408774   
 -3.781365   
  0.748765   
  7.428887   
  5.203466   
 -6.172818   
 -5.803128   
 -1.178711   
 -5.180838   
-15.214221   
-22.897726   
-18.707113   
-25.304264   
-47.762573   
-45.450409   
-61.458565   
-44.993973   
-39.388802   
-51.063034   
-10.163543   
-81.887566   
-49.237385   
-98.552132   
-45.378662   
-31.490238   
-17.032326   
  7.907950   
-22.739325   
 16.112003   
 -3.249590   
 21.702000   
 18.311024   
 32.640709   
 32.870853   
 52.824566   
 34.613529   
 11.811931   
  0.454504   
 60.428867   
 34.062809   
 48.215233   
-13.724321   
 16.508005   
-20.649675   
  3.400448   
-22.271576   
 -2.019921   
-36.009144   
-25.749384   
-44.322567   
-55.449848   
-48.211464   
-50.286026   
-27.733431   
-19.148462   
-42.017857   
-18.197880   
-73.264885   
  8.088980   
-19.352119   
 20.853334   
-16.941811   
 23.908651   
  6.659423   
 16.839981   
 -7.319515   
  5.656041   
 -7.387402   
  4.467857   
 -5.852244   
 26.318960   
  3.838025   
 41.572739   
 14.407043   
 11.985418   
 -8.232295   
 12.091106   
-20.996651   
-19.876440   
-26.854507   
 -2.261294   
-24.372627   
-38.351479   
-40.158268   
-31.094236   
-39.750950   
-25.647554   
-17.722589   
-42.210201   
-34.281551   
-52.466190   
-51.081890   
  6.576451   
 38.773968   
 14.082609   
 -9.586510   
-37.955475   
 16.300575   
 38.253422   
 27.733431   
-19.189859   
 19.951870   
 26.662163   
 24.531029   
 46.517815   
  6.534965   
 20.445930   
 -5.822073   
 19.589722   
 -9.262077   
  1.254228   
  0.273474   
 -1.970804   
 16.357147   
  7.526945   
-45.688007   
-35.801624   
-24.927031   
-41.380394   
-52.172016   
-61.156849   
-32.784111   
-47.494797   
-39.019112   
-20.921221   
-38.502422   
-35.288708   
-40.082840   
-15.802656   
-17.699961   
 16.956896   
 -1.401314   
  6.731081   
  5.173295   
 15.817741   
  1.970804   
 -1.137225   
 18.544853   
 37.906448   
 56.747402   
 42.738293   
-20.091413   
-17.673561   
  1.993520   
-16.213833   
-39.732094   
-39.320919   
-33.078285   
-69.568329   
-59.391544   
-12.864342   
-10.785920   
-48.713154   
-34.360752   
-37.702702   
-24.968517   
  3.834253   
  0.552562   
 16.202518   
-15.048277   
 15.119935   
  3.558849   
 22.995871   
-18.435482   
 26.326504   
-20.325243   
  8.368155   
-24.236767   
  8.183266   
-30.811377   
 -5.580612   
-44.382912   
-47.777657   
-63.431385   
-37.099178   
-40.286499   
-32.584137   
-47.208080   
-19.951870   
-53.710945   
 -6.930968   
 -2.759213   
 -2.378209   
-25.523008   
-57.392410   
-51.081890   
-20.276215   
-32.025871   
-35.458424   
-35.771454   
-14.308985   
 11.344183   
 10.559633   
  3.958711   
 -2.830871   
  0.624220   
 26.628220   
 25.590895   
 16.130859   
 21.743484   
 46.250042   
 28.948015   
 30.079538   
  8.352982   
 50.534943   
 46.363186   
 -1.318255   
 23.716307   
 -8.168180   
 20.936306   
 47.238251   
 14.708758   
  1.435258   
-71.759811   
-18.533627   
-38.992714   
 11.917532   
-63.303066   
-21.822685   
-46.759190   
 14.233556   
-72.578392   
-23.723763   
-91.506088   
-20.623276   
-32.093758   
 -2.936472   
-20.174385   
-17.673561   
 -6.025731   
 -4.863948   
 -8.319126   
-15.991316   
-19.582178   
-14.935134   
 -6.414191   
-35.718651   
-35.673393   
-29.883423   
-24.448057   
-32.127789   
-40.297813   
-19.668922   
-15.614083   
  9.944798   
  3.030758   
  0.658250   
 13.494263   
 44.009449   
 15.738541   
 33.753460   
 52.055099   
 51.127148   
 29.657137   
 11.528984   
 42.112144   
 58.557964   
 20.163071   
 61.409534   
-48.139805   
  8.609528   
-56.143883   
 13.166059   
-46.370731   
 -4.803605   
-58.606995   
-29.445847   
-54.951927   
-31.015036   
-15.421739   
-22.709152   
-55.785507   
-25.013863   
-43.153240   
-12.366423   
-25.643696   
 -0.922252   
-23.587990   
 -9.609138   
-54.291836   
 20.664762   
  1.982206   
 38.438221   
  9.032019   
  7.383630   
 15.817741   
 20.430843   
 13.343317   
 31.554441   
 55.676136   
 82.815521   
 51.696724   
-10.555861   
-13.916666   
 10.816092   
  2.600812   
 28.755671   
-13.905352   
 -4.731947   
-23.648333   
-17.594360   
-45.374889   
-59.708435   
-58.199589   
-32.056046   
-43.172096   
-56.257027   
-51.044174   
-65.226776   
-77.515839   
-124.548584   
-20.943850   
-16.440119   
 -6.576451   
-31.494097   
-39.030426   
 -6.089846   
-32.818054   
 61.352962   
-13.237716   
 36.337257   
 -0.518619   
 52.775536   
 39.298290   
 36.590034   
  8.077665   
 41.802883   
 -4.456543   
112.625359   
 39.000256   
 20.585562   
-72.608559   
 -8.865987   
-28.963100   
 25.496609   
 17.862133   
-20.163071   
-63.944302   
-25.308035   
-23.218388   
-40.316669   
-31.531813   
-33.893093   
-40.776875   
-12.185305   
-42.391319   
  1.201340   
-29.872108   
 -1.948263   
-20.298843   
 -6.723538   
-17.963963   
  1.118368   
 -3.196702   
 12.162676   
 -9.605280   
 11.540298   
  3.773822   
 43.390842   
 27.759832   
-18.088509   
 12.219336   
 31.354465   
 -5.689984   
  0.111302   
 -0.560105   
 16.730608   
-13.958152   
 -7.824978   
 13.701693   
 16.228918   
-19.065403   
 -3.275903   
 -2.491352   
 -9.880684   
 -6.485936   
  3.656907   
-19.171003   
-12.087247   
-10.299402   
  4.784747   
-13.124573   
 -5.652269   
  2.283922   
-13.980781   
-12.166448   
 -8.892387   
-17.288784   
-29.366646   
-12.438080   
-19.748123   
-33.564888   
-13.113258   
-17.782932   
 -9.993827   
-27.028082   
-21.336168   
-14.214698   
-14.565443   
-29.080015   
  0.311189   
 -6.059674   
  6.915882   
 -6.029502   
-11.449783   
  9.190420   
 11.679930   
-21.901974   
 -0.873223   
-10.850035   
  1.744517   
-16.100689   
-24.598915   
-21.966089   
 -1.710574   
-18.559940   
-28.555696   
-33.493233   
-13.645121   
-18.228052   
-34.013691   
-54.917984   
-19.367207   
 -9.952341   
-23.968994   
-14.723932   
 -6.961140   
-37.959248   
-22.686523   
-17.092669   
-28.819698   
-27.899376   
  3.091101   
-17.330271   
 24.783716   
-45.027916   
 31.384638   
-20.857105   
 29.668451   
-14.908733   
 21.404055   
-27.548630   
  8.428498   
  5.211010   
 14.169441   
-10.695405   
 17.077583   
-25.553181   
 -0.273474   
-31.648727   
 -1.695488   
-18.643000   
-16.930496   
-30.056910   
-23.810505   
-23.720078   
  0.375304   
-29.962624   
-12.592710   
-31.222466   
  4.603717   
-50.742458   
 -1.669088   
-25.598526   
 31.154579   
-28.582096   
 27.729660   
-16.655092   
 14.305213   
-22.565838   
  7.764635   
-15.135020   
  3.430620   
-18.092279   
 14.063752   
-18.989973   
-16.315660   
-21.864260   
  9.929712   
-29.547764   
-12.185305   
-38.521282   
 12.509738   
-37.355728   
-13.279202   
-37.514126   
 31.226236   
-14.942677   
 12.671910   
-21.155138   
 -1.544630   
 -5.754099   
 11.415841   
-20.276215   
-15.349994   
-16.598520   
 -4.279285   
-13.215088   
-12.411680   
-19.812237   
 -0.473361   
-32.429504   
 -1.533315   
-34.903931   
  2.068949   
-25.292950   
 -9.631680   
-17.865904   
-12.762425   
-19.254063   
 -3.864425   
-18.514683   
  1.589887   
-18.801401   
  9.084819   
 -3.030758   
 -7.379858   
 12.287222   
  0.213131   
 -6.534965   
  5.723927   
 -5.610784   
 -4.592403   
-16.647549   
  1.744517   
 -0.993910   
 -5.293982   
  4.626346   
 14.297670   
-10.457804   
  5.622098   
  1.691716   
  2.370666   
 -6.172818   
-11.347955   
-16.002542   
-19.216349   
-26.277388   
-13.064229   
-19.457722   
-15.082220   
-23.033499   
-13.803522   
-36.586174   
-32.444592   
-26.266073   
-16.515549   
 -5.927673   
 21.819002   
-22.535666   
 -5.320382   
 -3.619193   
-14.316527   
 14.852161   
 11.012295   
-13.988323   
 -3.109959   
 -9.096133   
 11.483727   
-15.844142   
  7.115769   
  9.314878   
 21.834087   
  7.775949   
 19.755667   
 -1.661545   
 -5.361867   
 -7.677891   
  2.457409   
-15.082220   
-15.912028   
-21.309769   
-31.712841   
-20.445930   
 -7.334601   
-36.574947   
 -7.511859   
-42.429035   
  1.450343   
-37.027523   
  0.360218   
-40.893787   
 15.368851   
-34.798328   
  9.612823   
-41.184280   
 17.085125   
-58.569279   
 -9.205505   
-54.906670   
-24.368856   
-51.681641   
 -1.880377   
-19.729265   
-11.351726   
-28.585869   
 10.069256   
-27.627831   
-10.782148   
  8.617071   
  4.995949   
-26.492447   
 34.764385   
 11.887361   
  8.187037   
  0.443190   
  2.544153   
 -7.262943   
 12.702082   
  6.334991   
  3.679536   
-13.282973   
  6.904568   
-17.945105   
 51.481750   
