  0.000000   
 -0.335800   
  0.268000   
 -0.308400   
  0.335800   
 -0.293800   
  0.298700   
 -0.334200   
  0.366500   
 -0.340700   
  0.348700   
 -0.385800   
  0.371300   
 -0.310000   
  0.374600   
 -0.473000   
  0.429400   
 -0.310000   
  0.350300   
 -0.411600   
  0.353500   
 -0.343900   
  0.427900   
 -0.369700   
  0.374500   
 -0.348700   
  0.313200   
 -0.298700   
  0.319700   
 -0.340600   
  0.372900   
 -0.384200   
  0.445500   
 -0.379300   
  0.285700   
 -0.358400   
  0.361600   
 -0.329300   
  0.280900   
 -0.289000   
  0.282500   
 -0.384200   
  0.298700   
 -0.250300   
  0.361600   
 -0.416500   
  0.322900   
 -0.376100   
  0.414900   
 -0.405200   
  0.314800   
 -0.337400   
  0.335700   
 -0.329300   
  0.353600   
 -0.402000   
  0.418100   
 -0.424600   
  0.421400   
 -0.350300   
  0.276000   
 -0.309900   
  0.311500   
 -0.327700   
  0.324500   
 -0.295400   
  0.340600   
 -0.474600   
  0.452000   
 -0.372900   
  0.434300   
 -0.406900   
  0.353600   
 -0.400400   
  0.416500   
 -0.427800   
  0.363200   
 -0.321200   
  0.284100   
 -0.311600   
  0.419800   
 -0.413300   
  0.445600   
 -0.397200   
  0.316400   
 -0.395500   
  0.424600   
 -0.361600   
  0.410100   
 -0.395600   
  0.371300   
 -0.376100   
  0.314800   
 -0.276100   
  0.313200   
 -0.334200   
  0.337400   
 -0.285700   
  0.269600   
 -0.368100   
  0.500500   
 -0.437500   
  0.364800   
 -0.413300   
  0.447200   
 -0.324500   
  0.310000   
 -0.350300   
  0.332600   
 -0.387500   
  0.364800   
 -0.392300   
  0.405300   
 -0.348800   
  0.335800   
 -0.347100   
  0.319700   
 -0.287400   
  0.335800   
 -0.376100   
  0.398700   
 -0.397100   
  0.316400   
 -0.303500   
  0.334200   
 -0.332600   
  0.355200   
 -0.327800   
  0.318100   
 -0.353600   
  0.361700   
 -0.377800   
  0.352000   
 -0.321300   
  0.377700   
 -0.410000   
  0.374500   
 -0.360000   
  0.352000   
 -0.339100   
  0.122700   
 -0.582800   
  0.311600   
 -0.608600   
  0.345500   
 -0.565100   
  0.324500   
 -0.334100   
  0.284100   
 -0.292200   
  0.355100   
 -0.280900   
  0.368100   
 -0.292200   
  0.264800   
 -0.413300   
  0.269600   
 -0.699000   
 -0.303500   
 -1.136600   
 -0.598900   
 -1.607900   
 -0.949200   
 -1.672500   
 -1.073600   
 -1.685400   
 -0.946000   
 -1.656400   
 -0.745800   
 -1.620800   
 -0.865300   
 -1.674100   
 -0.920200   
 -1.585300   
 -1.073600   
 -1.916200   
 -1.406100   
 -2.148800   
 -1.485200   
 -2.131000   
 -1.669200   
 -2.245600   
 -1.603100   
 -2.399000   
 -1.879100   
 -2.905800   
 -2.081000   
 -2.676600   
 -1.953400   
 -2.721800   
 -1.984100   
 -2.665300   
 -1.884000   
 -2.660400   
 -1.992200   
 -2.566800   
 -1.864600   
 -2.562000   
 -1.719300   
 -2.441000   
 -1.724100   
 -2.495800   
 -1.788700   
 -2.453900   
 -1.683800   
 -2.544200   
 -2.024400   
 -3.167400   
 -2.616900   
 -3.771200   
 -3.243300   
 -4.486300   
 -3.910000   
 -4.880300   
 -4.324900   
 -5.111100   
 -4.781700   
 -5.635800   
 -4.907700   
 -5.600200   
 -4.988400   
 -6.275100   
 -5.703600   
 -6.331500   
 -5.614800   
 -6.276700   
 -5.535600   
 -5.973200   
 -4.801100   
 -5.046600   
 -4.008400   
 -4.783400   
 -3.588800   
 -3.763100   
 -2.494200   
 -2.700800   
 -1.774200   
 -2.266600   
 -1.318900   
 -1.895300   
 -1.075200   
 -2.042100   
 -1.509500   
 -2.657200   
 -2.465200   
 -3.611300   
 -3.479000   
 -4.651000   
 -4.555800   
 -5.735800   
 -5.432400   
 -6.517200   
 -6.044200   
 -7.100000   
 -6.300900   
 -7.145200   
 -6.452600   
 -7.235600   
 -6.481700   
 -6.903100   
 -6.252400   
 -6.835300   
 -6.066800   
 -6.572100   
 -5.451700   
 -5.681000   
 -4.772000   
 -5.245100   
 -4.168300   
 -4.788300   
 -3.722700   
 -4.197400   
 -3.049500   
 -3.861600   
 -3.346600   
 -4.116600   
 -3.688900   
 -4.253800   
 -3.932600   
 -4.662300   
 -4.145700   
 -5.053000   
 -4.599300   
 -5.440500   
 -4.830200   
 -5.474300   
 -4.705900   
 -5.153100   
 -4.315200   
 -5.038400   
 -4.410500   
 -4.889900   
 -4.333000   
 -4.755900   
 -3.942300   
 -4.828600   
 -4.158600   
 -5.041700   
 -4.139200   
 -4.817300   
 -3.987500   
 -4.726900   
 -3.997200   
 -4.615500   
 -3.929300   
 -4.502500   
 -3.968100   
 -4.350800   
 -3.814700   
 -4.510600   
 -3.979400   
 -4.657400   
 -4.181300   
 -4.946400   
 -4.228000   
 -5.019100   
 -4.136000   
 -4.925500   
 -4.050400   
 -4.688200   
 -3.632300   
 -4.163500   
 -3.359500   
 -3.919700   
 -2.941300   
 -3.330400   
 -2.281200   
 -2.665300   
 -1.930800   
 -2.637900   
 -2.071200   
 -2.625000   
 -2.079300   
 -3.109300   
 -2.594300   
 -3.545100   
 -3.190000   
 -4.031100   
 -3.593600   
 -4.263500   
 -3.522600   
 -4.315200   
 -3.719500   
 -4.260400   
 -3.453100   
 -3.864800   
 -2.996200   
 -3.451600   
 -2.574900   
 -3.030200   
 -2.047000   
 -2.497400   
 -1.595000   
 -1.896900   
 -0.920200   
 -1.369000   
 -0.248500   
 -0.733000   
  0.447200   
 -0.071100   
  0.771700   
  0.694200   
  1.922700   
  1.372200   
  1.972700   
  1.414300   
  1.927500   
  1.414200   
  1.814600   
  0.933100   
  1.562700   
  0.873300   
  1.419100   
  0.755500   
  1.346400   
  0.645700   
  1.375500   
  0.799100   
  1.335100   
  0.991200   
  1.664400   
  1.238200   
  1.880800   
  1.252800   
  1.853200   
  1.420700   
  2.140700   
  1.716000   
  2.328000   
  1.832300   
  2.686300   
  2.334400   
  3.286800   
  2.705700   
  3.735600   
  3.411200   
  4.273200   
  3.845500   
  4.922200   
  4.305500   
  5.288700   
  4.696200   
  5.409800   
  4.935100   
  5.422700   
  4.910900   
  5.440400   
  4.676800   
  5.103000   
  4.126400   
  4.429800   
  3.490300   
  3.684000   
  2.652400   
  3.173800   
  2.468400   
  3.002700   
  2.294000   
  2.943100   
  2.419900   
  3.217400   
  2.704100   
  3.839000   
  3.554800   
  4.547700   
  4.307100   
  5.259600   
  5.083700   
  5.831100   
  5.164400   
  5.982800   
  5.241900   
  5.790700   
  5.204800   
  5.774600   
  5.319300   
  6.002300   
  5.661600   
  6.383200   
  5.999000   
  6.946600   
  6.189500   
  6.696400   
  5.960300   
  6.365400   
  5.392000   
  5.626100   
  4.657500   
  5.009400   
  4.426600   
  4.920600   
  4.560600   
  5.513000   
  5.219300   
  6.107200   
  5.729400   
  6.772200   
  6.241200   
  7.211400   
  6.662500   
  7.637600   
  7.143600   
  8.071800   
  7.455200   
  8.215500   
  7.711900   
  8.326900   
  7.636000   
  8.273600   
  7.658600   
  8.239700   
  7.506800   
  8.359300   
  7.765100   
  8.543200   
  7.939500   
  8.819300   
  8.520600   
  9.305300   
  9.045300   
  9.978400   
  9.471500   
 10.241600   
  9.641000   
 10.117300   
  9.339100   
  9.799200   
  9.026000   
  9.487600   
  8.767700   
  9.587700   
  9.285900   
 10.012300   
  9.737900   
 10.491800   
 10.075300   
 10.632200   
 10.081700   
 10.243200   
  9.487700   
  9.815400   
  8.951600   
  9.394100   
  8.716000   
  9.550600   
  9.440800   
 10.299700   
 10.233500   
 11.518500   
 11.602500   
 12.621100   
 12.475900   
 13.450900   
 12.987600   
 13.660800   
 13.024800   
 13.523500   
 12.668000   
 13.342800   
 12.811700   
 13.407300   
 13.052200   
 13.912600   
 13.672100   
 14.694000   
 14.422800   
 15.296100   
 15.041200   
 15.928900   
 15.693300   
 16.578000   
 16.193700   
 17.073600   
 16.797600   
 17.716000   
 17.470800   
 18.153600   
 17.816100   
 18.373200   
 18.055100   
 18.583000   
 18.445900   
 19.146400   
 18.786400   
 19.709800   
 19.185200   
 19.759900   
 19.235300   
 19.377200   
 18.668600   
 18.670200   
 17.730600   
 17.814600   
 16.963800   
 17.139800   
 15.932100   
 15.782200   
 14.095000   
 13.113600   
 10.785600   
  9.122800   
  6.042500   
  3.758300   
  0.733000   
 -0.991300   
 -4.040800   
 -6.265400   
 -9.712000   
-12.101200   
-14.511600   
-15.141200   
-16.867000   
-17.911400   
-19.201300   
-19.090000   
-19.840600   
-19.709800   
-20.278200   
-19.666200   
-19.918100   
-18.997900   
-18.809000   
-17.199500   
-16.314800   
-13.862700   
-11.962400   
 -8.640100   
 -5.973300   
 -2.142200   
  0.650600   
  3.855100   
  7.098400   
 11.599300   
 15.696500   
 19.879300   
 22.029700   
 24.879100   
 26.858200   
 29.123300   
 29.544600   
 30.324300   
 29.623700   
 29.149100   
 27.258700   
 25.762000   
 22.843400   
 20.588000   
 17.168900   
 14.689200   
 11.294100   
  9.222900   
  6.344500   
  4.583100   
  2.034100   
  0.655600   
 -1.215700   
 -2.792900   
 -5.096500   
 -6.756100   
 -9.539400   
-11.919000   
-15.120100   
-17.288300   
-20.589700   
-23.660200   
-27.794600   
-30.987800   
-35.253100   
-38.604400   
-42.587000   
-44.968300   
-47.898400   
-49.470800   
-51.383800   
-51.822900   
-52.854400   
-52.822300   
-53.513100   
-53.566400   
-54.498000   
-54.709400   
-56.034700   
-56.557900   
-58.023700   
-58.395000   
-59.263500   
-58.595200   
-58.401500   
-56.517500   
-54.941800   
-51.902000   
-49.227000   
-45.142600   
-41.093900   
-35.621000   
-30.581000   
-24.196200   
-18.168200   
-11.174600   
 -4.786700   
  1.821100   
  6.010300   
 12.440300   
 18.037400   
 21.635800   
 22.309000   
 23.891000   
 23.816800   
 23.079100   
 20.500900   
 18.014700   
 14.569700   
 11.407100   
  7.256600   
  3.974600   
 -0.188900   
 -2.742800   
 -6.383200   
-10.635500   
-16.075900   
-19.806700   
-23.999200   
-28.251500   
-33.837200   
-37.903800   
-42.372400   
-45.928800   
-50.135900   
-52.881900   
-55.760400   
-57.344000   
-58.855100   
-58.543500   
-58.228800   
-56.256000   
-54.294400   
-50.815500   
-47.268900   
-42.477200   
-37.897400   
-32.134100   
-27.063300   
-20.841500   
-15.288000   
 -9.042200   
 -3.748500   
  1.898500   
  5.401800   
 11.771800   
 17.201200   
 21.167600   
 23.171100   
 26.579000   
 28.369200   
 29.609200   
 29.470400   
 29.881900   
 29.254100   
 29.224900   
 28.277300   
 28.406500   
 27.754300   
 27.888200   
 27.507200   
 27.888300   
 27.544400   
 27.720300   
 27.208700   
 27.503900   
 26.785700   
 26.796900   
 26.041400   
 25.962400   
 24.982300   
 24.553000   
 23.066100   
 22.402600   
 20.810900   
 19.748500   
 18.179500   
 17.260800   
 15.617500   
 15.121700   
 13.625300   
 13.380000   
 11.802600   
 11.040700   
  9.009800   
  7.437400   
  4.596100   
  2.027700   
 -1.493400   
 -3.953500   
 -8.591700   
-13.584900   
-18.986700   
-23.272700   
-28.647000   
-33.869500   
-39.452000   
-43.894700   
-48.692700   
-52.573500   
-56.940500   
-59.825300   
-63.322100   
-65.088200   
-67.361200   
-67.908500   
-68.439600   
-67.353100   
-66.100500   
-63.213900   
-59.931700   
-55.205100   
-50.644500   
-44.753500   
-39.382600   
-32.737800   
-26.714500   
-19.853600   
-13.659100   
 -6.896800   
 -0.481000   
  4.993200   
 10.916500   
 19.220800   
 24.788400   
 29.815900   
 34.497600   
 40.299400   
 44.771300   
 49.175300   
 52.804500   
 57.056700   
 60.374300   
 63.967700   
 66.420000   
 69.272800   
 70.933700   
 72.507800   
 72.832400   
 73.053400   
 71.899300   
 70.431700   
 67.327300   
 64.050200   
 59.048800   
 53.928000   
 47.309100   
 40.835600   
 33.448100   
 26.320700   
 18.536200   
 11.767100   
  4.618800   
 -0.941200   
 -5.622900   
 -9.605500   
-13.822200   
-14.778000   
-15.822400   
-15.814400   
-15.798200   
-13.647900   
-11.497600   
 -8.251000   
 -5.159500   
 -1.383500   
  1.708000   
  5.448500   
  9.689400   
 15.026600   
 17.800000   
 21.232200   
 24.490000   
 28.337100   
 30.434100   
 33.443300   
 35.952000   
 38.636700   
 39.649000   
 40.883900   
 40.880700   
 40.753100   
 39.216300   
 37.823100   
 34.862400   
 32.466500   
 28.454900   
 24.638500   
 19.545200   
 15.149300   
  9.285800   
  4.242600   
 -1.367400   
 -5.241800   
-11.084300   
-16.523100   
-20.504100   
-22.796500   
-26.044700   
-27.802600   
-29.409000   
-29.307300   
-29.675400   
-28.396700   
-27.127900   
-24.606200   
-22.570500   
-19.424100   
-16.754000   
-13.231400   
-10.222200   
 -6.612400   
 -3.769600   
 -0.035500   
  1.607900   
  4.827000   
  8.418900   
 12.953800   
 14.718200   
 17.446500   
 19.748600   
 22.756100   
 23.862000   
 25.298800   
 25.591000   
 26.361100   
 25.503800   
 25.126000   
 23.313200   
 21.937600   
 18.949600   
 16.655400   
 13.115100   
 10.214100   
  6.267100   
  3.338500   
 -0.066200   
 -1.501400   
 -3.976200   
 -4.983500   
 -6.615800   
 -6.044100   
 -5.957100   
 -4.413700   
 -3.742100   
 -1.800000   
 -0.883000   
  1.651500   
  2.710500   
  5.508200   
  7.082200   
  9.447400   
 10.252800   
 11.399100   
 11.565300   
 12.695400   
 12.672800   
 13.580100   
 13.355700   
 14.141900   
 13.957800   
 14.529400   
 14.106300   
 14.689200   
 13.840000   
 14.279100   
 12.960200   
 12.885900   
 11.114900   
 10.314200   
  7.966900   
  6.702900   
  4.105400   
  2.762100   
  0.113100   
 -0.494100   
 -2.825100   
 -3.764700   
 -6.158800   
 -7.342200   
 -9.245500   
 -9.471500   
-11.328000   
-12.282100   
-14.148400   
-14.934600   
-17.044500   
-18.647600   
-21.438800   
-23.276000   
-26.579000   
-28.989200   
-32.489200   
-34.525000   
-37.321000   
-38.304100   
-40.034800   
-39.595700   
-39.991100   
-38.097600   
-36.896400   
-33.921200   
-31.837000   
-28.070600   
-25.376300   
-21.469500   
-18.610500   
-14.587400   
-11.910900   
 -8.079900   
 -5.517900   
 -1.669300   
  0.017800   
  3.152900   
  5.693800   
 10.388500   
 12.422600   
 15.139600   
 16.866900   
 20.688200   
 22.304100   
 25.285900   
 26.990600   
 29.982100   
 31.583600   
 34.365100   
 36.079500   
 38.946700   
 40.159100   
 42.406300   
 42.842100   
 44.358100   
 44.128800   
 44.924700   
 44.001300   
 44.165900   
 42.674300   
 42.459600   
 40.667500   
 39.965400   
 37.713300   
 36.891600   
 34.510400   
 33.683900   
 31.297800   
 30.496900   
 27.999700   
 27.261900   
 24.712800   
 23.658600   
 20.760800   
 19.296500   
 16.101800   
 14.432400   
 11.210300   
  9.117800   
  5.973300   
  4.147200   
  1.118900   
  0.001600   
 -2.552300   
 -3.563000   
 -6.422000   
 -7.561600   
 -9.931600   
-10.650000   
-13.254100   
-14.243500   
-17.160800   
-18.140700   
-21.022300   
-22.279900   
-24.938800   
-26.070500   
-28.366100   
-29.042500   
-30.932900   
-30.921700   
-32.032400   
-31.460800   
-32.253500   
-30.950700   
-31.259000   
-29.391300   
-28.816500   
-26.399800   
-25.444100   
-22.484900   
-21.141800   
-17.730700   
-15.922500   
-11.931800   
 -9.697500   
 -5.566400   
 -3.141500   
  0.707100   
  2.276200   
  6.049000   
  8.246300   
 11.003500   
 10.173800   
 10.927600   
  9.647600   
  9.521500   
  6.359000   
  4.667100   
  1.060700   
 -0.844300   
 -4.470200   
 -7.201700   
-13.019900   
-16.653900   
-21.046500   
-24.052500   
-29.296000   
-32.647400   
-37.217700   
-39.490700   
-43.565400   
-45.002200   
-48.334300   
-49.554700   
-52.047300   
-52.310400   
-54.409200   
-53.940900   
-55.029000   
-53.968400   
-54.446300   
-52.810900   
-52.789900   
-50.539500   
-50.029300   
-47.217100   
-46.442200   
-43.113400   
-41.628200   
-37.723000   
-35.717900   
-31.175100   
-28.509800   
-23.287300   
-20.231200   
-14.768300   
-11.476500   
 -5.899000   
 -2.315000   
  2.799400   
  5.929500   
 13.754400   
 18.960900   
 24.383400   
 28.592100   
 35.706600   
 40.398100   
 46.556800   
 50.319900   
 55.640900   
 58.060800   
 61.814300   
 62.937800   
 65.404600   
 64.723300   
 65.340000   
 63.067000   
 62.154900   
 58.004300   
 55.295400   
 49.257700   
 44.913400   
 37.535700   
 32.163100   
 24.273700   
 18.886500   
 11.571800   
  7.114500   
  0.663600   
 -2.092300   
 -6.302500   
 -8.632000   
-12.272400   
-12.099700   
-13.995000   
-13.752900   
-15.125000   
-13.665600   
-13.980500   
-12.072200   
-12.332200   
-10.243200   
-10.472400   
 -8.898400   
 -9.930000   
 -8.917800   
-10.464300   
-10.204500   
-12.429000   
-12.689000   
-15.252500   
-15.507700   
-18.263300   
-18.542700   
-21.138600   
-21.188600   
-23.742500   
-23.681200   
-25.836400   
-25.366600   
-27.255400   
-26.496700   
-27.977000   
-26.734000   
-28.119100   
-27.090700   
-28.567900   
-27.552500   
-29.276600   
-28.238600   
-29.744800   
-28.700200   
-29.988500   
-28.327400   
-29.397700   
-27.370000   
-27.833400   
-25.447300   
-25.468300   
-22.751300   
-22.554400   
-19.588800   
-18.896100   
-15.296300   
-13.962600   
 -9.524800   
 -7.405100   
 -2.168100   
  0.096800   
  4.597800   
  8.247800   
 15.263800   
 17.640300   
 21.538900   
 23.387400   
 27.597700   
 28.038300   
 30.409900   
 30.074200   
 31.594800   
 30.001500   
 30.169300   
 27.475000   
 27.211800   
 23.631100   
 22.857900   
 19.206100   
 18.450700   
 15.133100   
 15.037900   
 12.177200   
 12.285300   
  9.534500   
  9.092100   
  5.800500   
  5.343500   
  1.436800   
  0.652200   
 -2.821900   
 -3.616200   
 -7.781200   
 -9.042100   
-12.638900   
-12.950500   
-15.854800   
-16.103300   
-18.058300   
-16.682900   
-17.611200   
-15.015200   
-14.535900   
-10.202800   
 -7.891000   
 -2.074500   
  1.548200   
  7.416400   
 12.107800   
 20.894800   
 24.636900   
 30.437300   
 33.230200   
 38.036200   
 38.982200   
 42.089900   
 41.222900   
 42.478900   
 39.815300   
 39.766700   
 35.877800   
 34.662200   
 29.538100   
 26.909900   
 20.654300   
 17.125200   
 10.244800   
  6.268600   
 -0.752300   
 -3.036600   
 -8.799900   
-12.078800   
-17.010600   
-16.959000   
-19.822800   
-19.737300   
-21.826300   
-19.897100   
-20.898000   
-18.697700   
-19.440200   
-16.632900   
-17.073500   
-14.079000   
-14.311400   
-10.979300   
-10.976100   
 -7.132300   
 -6.660900   
 -2.377900   
 -1.591800   
  2.235900   
  2.744400   
  7.482600   
  9.356900   
 13.618800   
 13.531700   
 17.080000   
 17.293200   
 20.542800   
 19.656600   
 21.949000   
 20.517000   
 22.160500   
 19.892200   
 20.710800   
 17.958300   
 18.273000   
 14.713400   
 14.480900   
 10.535400   
 10.143100   
  6.212100   
  5.784300   
  2.510300   
  2.671800   
 -0.130800   
  1.094600   
 -0.868600   
  1.176900   
  0.050000   
  2.931700   
  2.686400   
  5.939200   
  5.784300   
  9.216400   
  8.938800   
 12.001300   
 11.055200   
 13.555800   
 11.920500   
 13.757700   
 11.583100   
 12.545300   
  9.812100   
 10.231900   
  6.912700   
  6.614100   
  2.497500   
  1.930700   
 -2.255300   
 -2.515200   
 -6.998300   
 -7.758600   
-12.283800   
-11.868800   
-15.063700   
-14.540600   
-17.569200   
-16.298700   
-18.332800   
-16.582800   
-18.274700   
-15.991900   
-17.030000   
-14.122500   
-14.849000   
-11.673500   
-11.918900   
 -8.370500   
 -8.391500   
 -4.799500   
 -4.749500   
 -0.981600   
 -1.055700   
  2.448900   
  2.132600   
  6.121700   
  6.320300   
 10.273800   
 10.035000   
 12.750300   
 11.951100   
 14.665000   
 12.808400   
 14.752100   
 12.172400   
 13.454100   
 10.508000   
 10.992200   
  7.358300   
  7.503600   
  3.152900   
  2.760600   
 -1.578900   
 -1.398100   
 -5.619600   
 -6.000600   
-10.474000   
-10.580600   
-14.129000   
-13.347600   
-16.896000   
-16.001600   
-18.699300   
-17.283400   
-19.456400   
-17.402900   
-19.010900   
-16.277700   
-17.386700   
-13.953000   
-14.524500   
-10.341700   
-10.022000   
 -5.146600   
 -4.166700   
  1.044500   
  1.669300   
  6.610800   
  8.420600   
 14.463100   
 15.054000   
 19.270800   
 19.340100   
 23.122600   
 21.836000   
 24.459300   
 22.476900   
 24.157500   
 21.330600   
 22.472100   
 19.010800   
 19.470900   
 15.376900   
 15.397900   
 10.984100   
 10.861500   
  6.320300   
  6.287900   
  1.892100   
  2.147100   
 -1.704800   
 -0.960500   
 -4.962600   
 -4.589700   
 -8.520600   
 -8.118700   
-11.558900   
-10.227000   
-13.421900   
-12.170700   
-14.884500   
-13.008600   
-15.181500   
-13.113600   
-15.368800   
-12.973100   
-15.160500   
-12.960200   
-14.840900   
-12.261100   
-13.883600   
-11.021300   
-12.098100   
 -8.954900   
 -9.917100   
 -6.294400   
 -7.142000   
 -3.498300   
 -4.297500   
 -0.699000   
 -1.793600   
  1.651500   
  0.749100   
  4.434700   
  3.393400   
  6.672200   
  5.364500   
  8.780600   
  7.629500   
 10.551500   
  9.180900   
 12.635700   
 11.534700   
 14.737600   
 13.223300   
 16.481100   
 15.200900   
 18.245600   
 16.734600   
 19.388600   
 17.611100   
 19.834200   
 17.514300   
 19.178700   
 16.077500   
 17.402900   
 13.484900   
 14.219300   
  9.875100   
  9.689500   
  4.896400   
  4.371700   
 -0.757100   
 -1.030000   
 -6.486600   
 -7.571300   
-13.836800   
-14.860300   
-19.462800   
-19.895500   
-24.877500   
-24.641700   
-28.264400   
-27.124700   
-30.075700   
-27.647700   
-29.208800   
-25.737900   
-26.420800   
-21.997400   
-21.829500   
-16.813700   
-15.998400   
-10.194700   
 -8.762900   
 -2.321400   
 -0.539200   
  5.385500   
  7.702200   
 15.995200   
 18.689500   
 24.649800   
 26.317500   
 32.784700   
 33.704800   
 38.478500   
 38.008700   
 41.631400   
 39.904000   
 41.862200   
 38.720700   
 39.815200   
 35.349900   
 35.285300   
 29.447700   
 27.760800   
 20.642900   
 17.593400   
  9.210000   
  5.408100   
 -2.841300   
 -5.162700   
-13.841600   
-18.684800   
-25.888000   
-27.123000   
-33.422300   
-35.102900   
-40.125200   
-39.770000   
-43.713900   
-42.837300   
-46.256600   
-44.277300   
-47.021800   
-44.561500   
-46.363100   
-42.948700   
-43.841400   
-39.484300   
-39.371200   
-33.927700   
-32.854000   
-26.624200   
-24.858100   
-17.795200   
-15.081400   
 -7.556900   
 -4.494400   
  2.754100   
  4.550900   
 12.793900   
 16.414900   
 22.423600   
 22.628600   
 27.959300   
 27.828600   
 31.389800   
 29.494500   
 32.274500   
 29.555900   
 30.685900   
 27.161800   
 27.999700   
 23.681200   
 23.587500   
 18.491000   
 18.211700   
 12.997300   
 12.358000   
  7.159800   
  6.670600   
  1.806400   
  1.645100   
 -2.479700   
 -1.932400   
 -6.378400   
 -6.092600   
-10.633900   
 -9.841200   
-12.911700   
-11.431400   
-14.876400   
-13.103800   
-15.690100   
-13.542900   
-16.184100   
-13.906200   
-16.061400   
-13.349200   
-15.402700   
-12.295000   
-14.030500   
-10.642000   
-12.130300   
 -8.806400   
-10.288400   
 -7.248500   
 -8.588500   
 -5.484000   
 -6.857900   
 -3.898700   
 -5.241800   
 -2.148800   
 -3.838900   
 -1.073600   
 -2.710500   
  0.385800   
 -1.373800   
  1.606300   
 -0.259900   
  2.589400   
  1.357700   
  4.429900   
  2.899400   
  5.947300   
  4.152200   
  7.430900   
  5.482400   
  8.062200   
  5.362900   
  7.837800   
  5.416200   
  7.251700   
  4.735000   
  6.546300   
  3.842200   
  5.944100   
  3.191600   
  5.140100   
  2.755800   
  5.193400   
  3.068900   
  5.705200   
  4.003700   
  6.962700   
  5.227400   
  8.401100   
  6.649600   
  9.421500   
  7.437400   
  9.794400   
  7.458400   
  9.452100   
  6.749700   
  8.512600   
  5.534000   
  6.998300   
  3.830900   
  5.135300   
  1.633800   
  2.939800   
 -0.582800   
  0.723200   
 -2.302100   
 -1.241400   
 -4.647800   
 -3.564500   
 -6.794900   
 -5.593800   
 -9.214800   
 -8.097700   
-10.814700   
 -9.281000   
-12.349900   
-10.399800   
-12.824600   
-10.160800   
-12.085200   
 -9.264900   
-10.633800   
 -7.308300   
 -8.648200   
 -4.925400   
 -5.908600   
 -1.896900   
 -2.826700   
  1.007300   
  0.029100   
  3.587100   
  2.791300   
  6.505900   
  5.219200   
  8.349600   
  6.819100   
  9.692600   
  7.246900   
  9.361800   
  6.722200   
  8.686900   
  5.522800   
  6.740000   
  3.466100   
  4.597700   
  1.094500   
  1.884000   
 -1.317300   
 -0.077500   
 -3.416000   
 -2.145500   
 -5.521200   
 -3.635500   
 -5.871500   
 -3.742100   
 -6.134600   
 -3.596800   
 -5.208000   
 -1.879100   
 -3.493500   
 -0.176000   
 -1.538500   
  1.729000   
  0.211500   
  3.299800   
  2.059900   
  5.146600   
  3.110900   
  5.400100   
  3.304600   
  5.658400   
  3.291700   
  5.829400   
  3.366000   
  5.438800   
  3.296600   
  5.682600   
  3.675900   
  6.286300   
  4.334600   
  7.067700   
  5.138600   
  7.677900   
  5.676100   
  8.138100   
  5.895700   
  8.125100   
  5.655100   
  7.715100   
  4.975500   
  6.757800   
  3.910000   
  5.390300   
  2.729900   
  4.354000   
  1.732200   
  3.585500   
  0.984800   
  3.067300   
  0.524700   
  2.526500   
 -0.011300   
  1.766100   
 -0.904100   
  1.117200   
 -1.515900   
  0.295400   
 -2.779900   
 -1.128500   
 -4.355600   
 -3.052700   
 -6.081400   
 -5.157900   
 -9.017800   
 -8.212400   
-11.542700   
-10.023600   
-13.659200   
-12.230500   
-14.748900   
-12.416100   
-14.426000   
-11.573400   
-12.958600   
 -9.371400   
-10.206000   
 -6.310600   
 -6.796500   
 -2.810600   
 -3.328900   
  0.568300   
 -0.272800   
  3.067300   
  2.130900   
  6.142700   
  5.086900   
  8.257500   
  7.184000   
 10.619300   
  8.919400   
 11.570200   
  9.800800   
 12.590500   
 10.467600   
 12.479000   
  9.917100   
 11.718700   
  9.213200   
 10.692000   
  7.900700   
  9.124500   
  6.029600   
  7.311500   
  3.722800   
  4.802700   
  1.102600   
  1.830700   
 -1.717700   
 -0.776500   
 -4.867300   
 -4.282900   
 -8.180000   
 -7.463300   
-11.468500   
-10.704800   
-13.846500   
-12.587300   
-15.890200   
-14.377600   
-16.900800   
-14.619800   
-16.808800   
-14.242000   
-15.560900   
-12.440300   
-13.287900   
 -9.857300   
-10.206100   
 -6.179800   
 -6.415500   
 -1.908200   
 -1.959800   
  2.095400   
  1.724200   
  5.965100   
  6.254000   
 10.175400   
  9.589400   
 12.926200   
 11.345800   
 14.395400   
 12.703400   
 14.984600   
 12.832700   
 14.863500   
 12.438700   
 14.119300   
 11.528200   
 12.866500   
  9.973600   
 11.321600   
  8.107300   
  9.043800   
  5.614700   
  6.226700   
  2.492600   
  3.133400   
 -0.492300   
  0.440700   
 -2.841300   
 -2.066400   
 -5.642200   
 -4.423400   
 -6.827200   
 -5.164300   
 -7.695800   
 -5.609900   
 -7.070900   
 -4.323300   
 -5.784300   
 -3.017300   
 -4.053600   
 -1.057500   
 -2.226200   
  0.679700   
 -0.836300   
  1.859800   
  0.063000   
  2.891300   
  1.309200   
  3.314300   
  1.394900   
  3.487000   
  1.375400   
  3.348200   
  1.307700   
  3.424100   
  1.317300   
  3.606500   
  1.672500   
  3.993900   
  2.387700   
  4.998100   
  3.333700   
  5.501700   
  3.490300   
  5.653500   
  3.655000   
  5.354800   
  3.162600   
  4.815600   
  2.531400   
  4.425000   
  2.224600   
  4.174700   
  2.384400   
  4.405700   
  2.830000   
  4.918900   
  3.117400   
  4.999700   
  3.089900   
  4.843100   
  2.410300   
  3.985900   
  1.472200   
  2.833300   
  0.347100   
  1.890400   
 -0.658700   
  1.042900   
 -1.514300   
 -0.190500   
 -2.576500   
 -1.151000   
 -3.262700   
 -1.514300   
 -3.625800   
 -1.919500   
 -3.829300   
 -1.848500   
 -3.640400   
 -1.938800   
 -3.895500   
 -2.155200   
 -4.152200   
 -2.566800   
 -4.726900   
 -3.364300   
 -5.642300   
 -4.276400   
 -6.530100   
 -4.902900   
 -7.069300   
 -5.214400   
 -7.103300   
 -5.270900   
 -6.817500   
 -5.098200   
 -6.581700   
 -4.604200   
 -6.100700   
 -4.132800   
 -5.682600   
 -3.700100   
 -5.400100   
 -3.191600   
 -4.736600   
 -2.618500   
 -4.065000   
 -1.888800   
 -3.099600   
 -0.602100   
 -1.620900   
  0.963800   
 -0.508500   
  2.332800   
  1.483600   
  4.352300   
  3.766300   
  6.031300   
  4.859300   
  7.248500   
  6.402600   
  8.202600   
  5.995800   
  7.521300   
  5.446900   
  6.370300   
  3.805100   
  4.324900   
  1.528800   
  1.925900   
 -0.979900   
 -0.476200   
 -3.443500   
 -3.516100   
 -6.899800   
 -6.415500   
 -9.553800   
 -9.657200   
-12.785800   
-11.529900   
-13.848000   
-12.977900   
-14.757000   
-12.932700   
-14.119300   
-11.909200   
-12.687400   
 -9.967100   
-10.425600   
 -7.719900   
 -7.941100   
 -4.744600   
 -5.107900   
 -1.943700   
 -2.382800   
  0.460100   
  0.004800   
  2.692800   
  2.676600   
  5.737500   
  5.479200   
  8.180000   
  7.828100   
 11.121400   
 10.286700   
 12.390300   
 11.392700   
 13.444400   
 11.804300   
 12.926300   
 10.876000   
 12.106100   
  9.510300   
 10.109200   
  7.619800   
  7.992800   
  5.224100   
  5.550200   
  2.842900   
  3.202900   
  0.628000   
  1.351200   
 -0.745800   
  0.309900   
 -1.556200   
 -0.519900   
 -2.400500   
 -1.133300   
 -2.592700   
 -0.976700   
 -2.473200   
 -0.807200   
 -2.344100   
 -0.692500   
 -2.064800   
 -0.715200   
 -2.240700   
 -0.979900   
 -2.742800   
 -1.417500   
 -3.039800   
 -1.856600   
 -3.645200   
 -2.290800   
 -3.963300   
 -2.657200   
 -4.074700   
 -2.736400   
 -4.305500   
 -2.758900   
 -4.107000   
 -2.423200   
 -3.671000   
 -1.874300   
 -2.847800   
 -1.004100   
 -1.977600   
 -0.287400   
 -1.228500   
  0.505300   
 -0.647400   
  0.952500   
 -0.226000   
  1.562700   
  0.616700   
  2.273000   
  1.288300   
  2.694400   
  1.530400   
  2.912300   
  1.541700   
  2.689600   
  1.297900   
  2.369900   
  0.752300   
  1.832300   
  0.311600   
  0.988000   
 -0.741000   
  0.022600   
 -1.927500   
 -1.545000   
 -3.985900   
 -3.511200   
 -5.642300   
 -5.002900   
 -7.246900   
 -7.091900   
 -8.315700   
 -6.899800   
 -8.199400   
 -6.804500   
 -7.603700   
 -5.740700   
 -6.342900   
 -4.252200   
 -4.536400   
 -2.227800   
 -2.269800   
 -0.095300   
 -0.238900   
  1.674100   
  1.829100   
  4.245800   
  4.195700   
  6.094300   
  5.513000   
  7.563400   
  7.251700   
  9.072800   
  7.863600   
  8.996900   
  8.107300   
  9.016300   
  7.443800   
  7.837800   
  6.039400   
  6.213700   
  3.903500   
  4.081200   
  1.798400   
  1.798400   
 -0.245400   
  0.140400   
 -1.604600   
 -1.527200   
 -3.356300   
 -2.678300   
 -3.675900   
 -2.623300   
 -3.667900   
 -2.529700   
 -3.501600   
 -2.077700   
 -2.968800   
 -1.467400   
 -2.203700   
 -0.739400   
 -1.299500   
  0.393900   
  0.163000   
  1.955000   
  1.724200   
  3.638800   
  3.085000   
  4.875400   
  4.026300   
  5.413000   
  4.875400   
  6.231400   
  5.463100   
  5.960200   
  4.113400   
  4.538000   
  2.533000   
  2.369900   
  0.080700   
  0.198600   
 -2.024500   
 -2.032400   
 -4.676900   
 -4.344300   
 -6.029600   
 -5.238700   
 -6.693100   
 -6.217000   
 -7.582700   
 -6.007000   
 -6.672200   
 -5.561500   
 -6.313800   
 -4.923900   
 -5.579200   
 -4.145800   
 -4.581500   
 -3.241700   
 -3.593600   
 -2.140600   
 -2.442600   
 -0.913700   
 -1.233400   
  0.321300   
 -0.431100   
  1.039700   
  0.703900   
  2.428000   
  2.069600   
  3.587100   
  3.125500   
  4.504000   
  4.097300   
  5.361300   
  4.752700   
  6.225100   
  5.278900   
  6.376800   
  5.096600   
  6.178200   
  5.001300   
  5.871500   
  4.450800   
  4.862500   
  3.603200   
  4.228100   
  2.891300   
  3.306200   
  1.885600   
  2.352200   
  0.860400   
  1.344800   
 -0.331000   
  0.465000   
 -0.800700   
 -0.455300   
 -1.737100   
 -1.451300   
 -2.573300   
 -1.914600   
 -2.854200   
 -2.205300   
 -3.427300   
 -2.686300   
 -3.772800   
 -3.136700   
 -4.165100   
 -3.403100   
 -4.347500   
 -3.412700   
 -3.887400   
 -3.006000   
 -3.461200   
 -2.113200   
 -2.484500   
 -1.039700   
 -1.293100   
  0.230900   
 -0.103400   
  1.488500   
  1.407700   
  3.133500   
  3.041500   
  4.265200   
  3.830800   
  4.907700   
  4.497700   
  5.503400   
  5.012600   
  5.898900   
  5.109500   
  5.911800   
  4.744600   
  5.398500   
  3.998800   
  4.410400   
  2.697600   
  2.936600   
  1.448100   
  1.330200   
 -0.037100   
  0.193700   
 -1.191400   
 -1.180100   
 -3.038200   
 -2.875200   
 -3.850300   
 -2.909100   
 -4.221600   
 -3.782500   
 -4.868900   
 -4.291000   
 -4.964200   
 -4.324900   
 -4.952900   
 -3.942300   
 -4.391000   
 -3.519400   
 -3.956800   
 -2.763800   
 -3.127000   
 -1.674100   
 -1.772600   
 -0.523100   
 -0.650600   
  0.779800   
  0.687700   
  2.319900   
  2.458600   
  3.905200   
  3.675900   
  4.560600   
  4.241000   
  5.258000   
  4.644500   
  5.764900   
  4.849600   
  5.479200   
  4.463700   
  4.896400   
  3.680800   
  3.913200   
  2.395700   
  2.108400   
  0.694200   
  0.590800   
 -0.902400   
 -1.028400   
 -2.767000   
 -3.232000   
 -4.925400   
 -4.592900   
 -5.743900   
 -5.332300   
 -6.594700   
 -6.124900   
 -6.704500   
 -5.534000   
 -5.724600   
 -4.686500   
 -4.817300   
 -3.282000   
 -3.075400   
 -1.469100   
 -1.262400   
  0.339000   
  0.217900   
  1.888900   
  2.051800   
  3.889000   
  3.813200   
  4.751100   
  4.313600   
  5.209500   
  4.702700   
  5.246700   
  4.484700   
  4.573500   
  3.343400   
  3.185200   
  1.827400   
  1.582100   
  0.072700   
  0.061300   
 -1.257600   
 -1.377000   
 -3.067400   
 -2.770200   
 -3.458000   
 -2.623400   
 -3.406300   
 -2.894500   
 -3.422500   
 -2.650800   
 -2.839700   
 -2.024400   
 -2.132600   
 -1.138100   
 -1.201100   
 -0.135600   
 -0.473000   
  0.450400   
  0.159800   
  1.152700   
  0.997600   
  1.993800   
  1.767700   
  2.518500   
  1.990500   
  2.662100   
  2.227800   
  2.980100   
  2.348900   
  3.060900   
  2.347300   
  2.846100   
  2.105200   
  2.356900   
  1.414200   
  1.746800   
  0.563400   
  0.689300   
 -0.166300   
  0.059800   
 -0.850800   
 -0.849200   
 -1.913000   
 -1.677300   
 -2.344100   
 -1.900100   
 -2.510300   
 -2.024500   
 -2.591000   
 -1.914700   
 -2.437700   
 -1.548100   
 -1.837200   
 -0.734500   
 -0.926700   
  0.080700   
 -0.290600   
  0.682900   
  0.434300   
  1.477100   
  1.590200   
  2.647600   
  2.113200   
  2.634600   
  1.935600   
  2.741300   
  2.080900   
  2.860600   
  2.453900   
  2.859000   
  2.390900   
  3.086700   
  2.812200   
  3.312700   
  2.991400   
  3.674400   
  3.378800   
  3.908400   
  3.506400   
  4.190900   
  3.622700   
  4.126300   
  3.372400   
  3.727600   
  3.010800   
  3.133500   
  2.382800   
  2.463500   
  1.493300   
  1.661200   
  0.710300   
  0.695800   
 -0.222700   
  0.074200   
 -0.857200   
 -0.984800   
 -1.967900   
 -2.118100   
 -3.097900   
 -2.881700   
 -3.212600   
 -2.670100   
 -3.456400   
 -3.592000   
 -4.289400   
 -4.289400   
 -4.638000   
 -4.425000   
 -4.597800   
 -4.021400   
 -4.473400   
 -3.900300   
 -4.027800   
 -3.295000   
 -3.466000   
 -2.828400   
 -2.788000   
 -2.244000   
 -2.455400   
 -2.168100   
 -2.681500   
 -2.255300   
 -2.416700   
 -2.047000   
 -2.486200   
 -2.226200   
 -2.260100   
 -1.772600   
 -1.950100   
 -1.210800   
 -1.524000   
 -0.833000   
 -0.939600   
 -0.405200   
 -0.715100   
 -0.368100   
 -0.747500   
 -0.715100   
 -1.323800   
 -1.441600   
 -2.265000   
 -2.628200   
 -3.522500   
 -3.666300   
 -4.531500   
 -4.416900   
 -5.109500   
 -4.954500   
 -5.154700   
 -4.781800   
 -4.743000   
 -4.142500   
 -3.797000   
 -2.952600   
 -2.526500   
 -1.401300   
 -0.884700   
  0.071000   
  0.174400   
  1.146200   
  1.980800   
  3.128700   
  3.571000   
  3.931000   
  3.805000   
  4.124700   
  4.181300   
  4.479800   
  4.221600   
  4.313600   
  3.743800   
  3.445000   
  2.976900   
  2.780000   
  2.026000   
  1.880700   
  1.123600   
  0.905700   
  0.197000   
  0.033900   
 -0.531200   
 -0.913700   
 -1.507800   
 -1.709700   
 -1.966300   
 -1.945300   
 -2.416700   
 -2.437700   
 -2.668500   
 -2.342500   
 -2.610400   
 -2.547500   
 -2.931700   
 -2.739600   
 -2.758900   
 -2.192400   
 -1.958200   
 -1.391600   
 -1.214000   
 -0.823300   
 -0.665100   
 -0.229300   
 -0.143700   
  0.176000   
  0.218000   
  0.481000   
  0.455300   
  0.166300   
 -0.319700   
 -0.372900   
 -0.671600   
 -0.921800   
 -1.669200   
 -2.090700   
 -2.444100   
 -2.413500   
 -2.508700   
 -2.870400   
 -3.064000   
 -3.190000   
 -2.936600   
 -2.865500   
 -2.917200   
 -2.615200   
 -2.463600   
 -2.021200   
 -1.919400   
 -1.669300   
 -1.617600   
 -1.267300   
 -1.122000   
 -1.212400   
 -0.954100   
 -0.883000   
 -0.561800   
 -0.487600   
 -0.369600   
 -0.263200   
 -0.248600   
 -0.206600   
 -0.239000   
 -0.343800   
 -0.326100   
 -0.232500   
 -0.124300   
 -0.250200   
 -0.032300   
 -0.218000   
 -0.545600   
 -0.823300   
 -1.126900   
 -1.189800   
 -1.251100   
 -1.438400   
 -1.687000   
 -1.811300   
 -1.783900   
 -1.848500   
 -1.741900   
 -1.790300   
 -1.848500   
 -1.887200   
 -1.832300   
 -2.050200   
 -2.166500   
 -2.331200   
 -2.453800   
 -2.449000   
 -2.453900   
 -2.487700   
 -2.166500   
 -2.006700   
 -1.687000   
 -1.420600   
 -0.637700   
 -0.021000   
  0.647400   
  1.063900   
  2.035700   
  2.796100   
  3.514400   
  3.955200   
  4.530000   
  5.065900   
  5.629300   
  6.318600   
  7.174300   
  7.355100   
  7.568100   
  7.665100   
  8.184800   
  8.307600   
  8.341400   
  8.002400   
  7.821700   
  7.389000   
  7.066000   
  6.617400   
  6.018300   
  5.288700   
  4.696200   
  3.976200   
  3.315900   
  2.434500   
  1.924300   
  1.123600   
  0.804000   
  0.245400   
 -0.093700   
 -0.277600   
 -0.503700   
 -0.847600   
 -0.742600   
 -0.847500   
 -0.550500   
 -0.615100   
 -0.298700   
 -0.161400   
  0.172700   
  0.247000   
  0.589300   
  0.699000   
  1.147800   
  1.648300   
  2.176200   
  2.145500   
  2.447300   
  2.752500   
  3.167400   
  3.296600   
  3.642000   
  3.640400   
  4.032700   
  3.969700   
  4.336200   
  4.342700   
  4.563800   
  4.546100   
  4.586400   
  4.641300   
  4.667200   
  4.579900   
  4.665600   
  4.560600   
  4.647700   
  4.497700   
  4.615500   
  4.515400   
  4.654200   
  4.460500   
  4.559000   
  4.300700   
  4.431400   
  4.155400   
  4.384600   
  4.023000   
  4.077900   
  3.695300   
  3.538700   
  3.190000   
  2.967300   
  2.321400   
  2.143900   
  1.543300   
  1.017100   
  0.255000   
  0.109800   
 -0.647300   
 -1.212400   
 -2.093900   
 -2.821900   
 -3.535500   
 -3.784000   
 -4.058600   
 -4.090800   
 -4.333000   
 -4.218300   
 -4.468600   
 -3.863200   
 -3.587100   
 -2.875200   
 -2.532900   
 -1.956700   
 -1.533600   
 -0.649000   
 -0.327700   
  0.282500   
  0.713600   
  1.651500   
  2.097000   
  2.726700   
  2.626600   
  2.821900   
  2.642700   
  2.781600   
  2.327900   
  2.315000   
  1.740300   
  1.393200   
  0.720000   
  0.258300   
 -0.602100   
 -0.926700   
 -1.853300   
 -2.470000   
 -3.320700   
 -3.705000   
 -4.184500   
 -4.476600   
 -5.128900   
 -5.211200   
 -5.274100   
 -5.122400   
 -5.051400   
 -4.468500   
 -4.404000   
 -3.595300   
 -3.356200   
 -2.403800   
 -2.106800   
 -0.854000   
 -0.456800   
  0.337400   
  0.318000   
  1.309300   
  1.520700   
  2.289200   
  2.292400   
  2.863900   
  2.550700   
  3.120500   
  2.975300   
  3.110900   
  2.951100   
  3.072100   
  2.571700   
  2.428000   
  1.785500   
  1.438400   
  0.931500   
  0.655500   
  0.053200   
 -0.012900   
 -0.991200   
 -1.062300   
 -2.203600   
 -2.360200   
 -3.101200   
 -2.947800   
 -3.669500   
 -3.469300   
 -4.195700   
 -4.076300   
 -4.718800   
 -4.268400   
 -4.681700   
 -4.389500   
 -4.835000   
 -4.484700   
 -4.622000   
 -4.061700   
 -4.094100   
 -3.638700   
 -3.569400   
 -2.802600   
 -2.847700   
 -1.980800   
 -2.089000   
 -1.343200   
 -1.443200   
 -0.886300   
 -1.073600   
 -0.607000   
 -0.944400   
 -0.565000   
 -0.831400   
 -0.561800   
 -0.849200   
 -0.611800   
 -0.804000   
 -0.468200   
 -0.784500   
 -0.308400   
 -0.623100   
 -0.101700   
 -0.571500   
 -0.163100   
 -0.271200   
  0.116200   
 -0.087100   
  0.184000   
 -0.271200   
  0.054900   
 -0.316400   
 -0.253500   
 -0.813600   
 -0.781400   
 -1.486800   
 -1.380300   
 -2.139100   
 -1.969500   
 -2.641100   
 -2.368300   
 -2.825100   
 -2.365100   
 -2.675000   
 -2.103500   
 -2.471600   
 -1.685400   
 -1.817800   
 -1.178500   
 -1.196200   
 -0.661900   
 -0.867000   
 -0.410000   
 -0.879800   
 -0.405200   
 -0.900800   
 -0.737800   
 -1.310900   
 -0.996100   
 -1.612700   
 -1.241500   
 -1.657900   
 -1.257600   
 -1.556300   
 -1.097700   
 -1.249600   
 -0.568200   
 -0.569900   
  0.042000   
 -0.119500   
  0.600600   
  0.690900   
  1.365800   
  1.268900   
  1.892000   
  1.319000   
  1.615900   
  1.091300   
  1.194700   
  0.586000   
  0.644100   
 -0.211500   
  0.032300   
 -0.939500   
 -1.083300   
 -2.229400   
 -2.558800   
 -3.359500   
 -3.462800   
 -4.392700   
 -4.686500   
 -5.366200   
 -4.722000   
 -5.337200   
 -4.757500   
 -5.230600   
 -4.439500   
 -4.628400   
 -3.871200   
 -3.863200   
 -3.083500   
 -2.960700   
 -2.035700   
 -1.916300   
 -0.934700   
 -0.834700   
  0.056500   
 -0.284100   
  0.670000   
  0.684500   
  1.546500   
  1.562700   
  2.307000   
  1.863000   
  2.436100   
  1.959800   
  2.208500   
  1.675700   
  1.846800   
  1.223700   
  1.359300   
  0.374500   
  0.473000   
 -0.342200   
  0.158200   
 -0.921800   
 -0.618300   
 -1.522400   
 -1.234900   
 -1.819400   
 -1.002600   
 -1.222000   
 -0.687800   
 -0.933100   
 -0.140400   
 -0.279300   
  0.700600   
  0.427800   
  1.275400   
  1.314100   
  2.205200   
  1.753200   
  2.437700   
  2.034100   
  2.647600   
  2.261700   
  2.578200   
  1.985700   
  1.985600   
  1.306100   
  1.435100   
  0.812100   
  0.981500   
  0.308400   
  0.728000   
 -0.041900   
  0.487500   
  0.048400   
  0.597300   
  0.105000   
  0.836200   
  0.429400   
  0.970300   
  0.766800   
  1.267300   
  0.862100   
  1.351200   
  0.824900   
  1.567600   
  0.810400   
  1.399700   
  0.752200   
  1.265700   
  0.907300   
  1.335100   
  0.931500   
  1.256000   
  0.892700   
  1.343100   
  0.967100   
  1.456100   
  1.039700   
  1.606300   
  1.220400   
  1.858200   
  1.562700   
  2.297200   
  1.953400   
  2.691200   
  2.277900   
  3.072100   
  2.804200   
  3.524100   
  3.117400   
  3.567800   
  3.296500   
  3.685600   
  3.235200   
  3.703400   
  3.064000   
  3.288500   
  2.542600   
  2.757400   
  2.032500   
  2.151900   
  1.344800   
  1.614400   
  0.800700   
  0.970200   
 -0.030600   
  0.122700   
 -0.539200   
 -0.421400   
 -1.217200   
 -1.218900   
 -1.748300   
 -1.553100   
 -2.121200   
 -1.603100   
 -2.239100   
 -1.582100   
 -2.152000   
 -1.273700   
 -1.632200   
 -0.647300   
 -0.959000   
 -0.303400   
 -0.571500   
  0.200100   
 -0.137200   
  0.424600   
  0.211500   
  0.883000   
  0.649000   
  1.314100   
  0.679700   
  1.272100   
  0.602200   
  1.178400   
  0.360100   
  0.774800   
  0.013000   
  0.372900   
 -0.305100   
 -0.087200   
 -0.758800   
 -0.621500   
 -1.341500   
 -1.157500   
 -1.696700   
 -1.296400   
 -2.011500   
 -1.423900   
 -2.140600   
 -1.649900   
 -2.234300   
 -1.557900   
 -1.895200   
 -1.075200   
 -1.533700   
 -0.684500   
 -0.742600   
  0.069500   
 -0.124400   
  0.542500   
  0.424600   
  1.212300   
  1.107500   
  1.871100   
  1.507800   
  2.142300   
  1.682100   
  2.348900   
  1.834000   
  2.474800   
  1.732200   
  2.218200   
  1.590100   
  1.964700   
  1.315700   
  1.628900   
  0.973500   
  1.472300   
  0.802300   
  1.249500   
  0.820100   
  1.448100   
  0.933100   
  1.453000   
  1.099400   
  1.615900   
  1.151100   
  1.900100   
  1.246300   
  1.974400   
  1.249500   
  2.047000   
  1.344800   
  1.976000   
  1.247900   
  1.875900   
  1.328600   
  1.825900   
  1.398000   
  1.914700   
  1.565900   
  2.245600   
  1.636900   
  2.357000   
  1.567600   
  2.331100   
  1.338400   
  1.867800   
  1.052600   
  1.367300   
  0.471400   
  0.931500   
  0.111400   
  0.595700   
  0.051700   
  0.598900   
  0.146900   
  0.821700   
  0.329300   
  1.134900   
  0.526300   
  1.351300   
  0.933100   
  1.544900   
  1.084900   
  1.762900   
  1.209100   
  1.929200   
  1.448100   
  1.856500   
  1.302800   
  2.030900   
  1.230100   
  1.711300   
  1.112300   
  1.360900   
  0.500500   
  0.837800   
  0.104900   
  0.560200   
 -0.297000   
  0.326100   
 -0.487600   
 -0.101700   
 -0.920200   
 -0.573100   
 -1.359300   
 -0.850700   
 -1.338300   
 -0.933100   
 -1.427100   
 -1.010600   
 -1.425500   
 -1.084900   
 -1.672500   
 -1.050900   
 -1.569200   
 -0.896000   
 -1.498100   
 -0.768400   
 -1.206000   
 -0.552100   
 -1.041300   
 -0.450400   
 -0.803900   
 -0.214700   
 -0.789500   
 -0.271200   
 -1.023500   
 -0.497200   
 -1.268900   
 -0.650600   
 -1.504600   
 -0.957300   
 -1.830700   
 -1.399700   
 -1.887200   
 -1.310800   
 -1.914700   
 -1.398000   
 -1.771000   
 -1.315700   
 -1.732200   
 -1.042900   
 -1.512700   
 -0.762000   
 -1.309200   
 -0.687700   
 -1.272200   
 -0.684500   
 -1.267200   
 -0.610300   
 -1.102600   
 -0.361600   
 -0.660300   
 -0.145300   
 -0.410000   
  0.313200   
 -0.067800   
  1.020200   
  0.636100   
  1.783900   
  1.464200   
  2.279500   
  2.013100   
  2.557200   
  2.208500   
  2.358500   
  1.987300   
  2.305400   
  1.501300   
  1.829100   
  0.989600   
  1.256000   
  0.116200   
  0.540800   
 -0.516600   
  0.084000   
 -0.936300   
 -0.502100   
 -1.472300   
 -0.947700   
 -1.699900   
 -1.136500   
 -1.709600   
 -1.352900   
 -1.845200   
 -1.318900   
 -1.921100   
 -1.364200   
 -1.863000   
 -1.331800   
 -1.911400   
 -1.075200   
 -1.780700   
 -1.099300   
 -1.711300   
 -0.928200   
 -1.624100   
 -1.047700   
 -1.522400   
 -1.113900   
 -1.517500   
 -0.915300   
 -1.223700   
 -0.708700   
 -1.046200   
 -0.516600   
 -1.021800   
 -0.419800   
 -0.824900   
 -0.414900   
 -1.017100   
 -0.513300   
 -1.319000   
 -0.816900   
 -1.706300   
 -1.380300   
 -2.302100   
 -1.887200   
 -2.771900   
 -2.392500   
 -3.067300   
 -2.647600   
 -3.270700   
 -2.699200   
 -3.206100   
 -2.600800   
 -3.018900   
 -2.353700   
 -2.784800   
 -1.714500   
 -2.101900   
 -0.981500   
 -1.278600   
 -0.468200   
 -0.728000   
  0.143600   
 -0.531100   
  0.272800   
 -0.471400   
  0.037200   
 -0.574700   
 -0.335800   
 -1.054200   
 -0.753900   
 -1.483600   
 -1.223700   
 -1.851700   
 -1.312500   
 -2.208500   
 -1.496500   
 -2.287500   
 -1.436800   
 -2.008300   
 -1.189800   
 -1.709600   
 -0.905700   
 -1.378600   
 -0.637700   
 -1.159100   
 -0.390700   
 -1.097800   
 -0.649000   
 -1.302800   
 -0.724800   
 -1.456200   
 -0.818500   
 -1.486800   
 -0.603800   
 -1.236600   
 -0.445500   
 -0.960600   
 -0.093600   
 -0.447200   
  0.269600   
 -0.269600   
  0.539200   
  0.393900   
  1.302800   
  1.122000   
  2.056700   
  1.737000   
  2.497500   
  2.137400   
  2.920400   
  2.292400   
  2.883300   
  2.013100   
  2.545900   
  1.530400   
  1.864600   
  0.750700   
  1.005700   
 -0.222800   
  0.300300   
 -1.018700   
 -0.773200   
 -2.324700   
 -2.447400   
 -3.477400   
 -3.020500   
 -3.642000   
 -3.461200   
 -4.381400   
 -4.250600   
 -5.099800   
 -4.300700   
 -5.116000   
 -4.471800   
 -5.052900   
 -3.525800   
 -3.659800   
 -2.353800   
 -2.379500   
 -0.954100   
 -0.770100   
  0.347100   
  0.314800   
  1.867800   
  2.021200   
  3.569400   
  3.469300   
  4.312000   
  3.892200   
  4.817300   
  4.412100   
  5.149800   
  4.352400   
  4.972200   
  4.011700   
  4.642900   
  3.638800   
  3.963300   
  2.516800   
  2.678300   
  1.343100   
  1.440000   
  0.279300   
  0.405200   
 -0.484300   
 -0.313200   
 -1.414200   
 -1.138100   
 -1.850100   
 -1.123600   
 -1.840300   
 -0.988000   
 -1.640200   
 -0.586000   
 -1.042900   
  0.175900   
 -0.511700   
  0.544000   
 -0.109800   
  1.026800   
  0.393900   
  1.428700   
  0.907300   
  2.097000   
  1.491700   
  2.240800   
  1.664400   
  2.610400   
  2.035700   
  2.836500   
  2.009900   
  2.838000   
  2.042200   
  2.684700   
  1.814600   
  2.198800   
  1.267200   
  1.890500   
  0.808800   
  1.318900   
  0.048400   
  0.812100   
 -0.185700   
  0.640900   
 -0.285700   
  0.445500   
 -0.276000   
  0.490700   
 -0.292200   
  0.513400   
 -0.308300   
  0.447200   
 -0.445600   
  0.603800   
 -0.206700   
  0.808800   
 -0.106500   
  1.202700   
  0.284100   
  1.398100   
  0.594000   
  1.661200   
  0.986400   
  1.951800   
  1.372200   
  2.185900   
  1.511000   
  2.416700   
  1.691900   
  2.589400   
  1.798400   
  2.742800   
  1.835600   
  2.625000   
  1.733800   
  2.455400   
  1.443300   
  1.998600   
  0.799100   
  1.184900   
  0.161500   
  0.531100   
 -0.529500   
 -0.014500   
 -1.485300   
 -1.078400   
 -2.615200   
 -2.081000   
 -3.130200   
 -2.240800   
 -3.173800   
 -2.179400   
 -2.954300   
 -1.914700   
 -2.482900   
 -1.310800   
 -1.714500   
 -0.389100   
 -0.900800   
  0.466600   
 -0.151800   
  1.080000   
  0.576400   
  1.956600   
  1.270500   
  2.492600   
  1.561100   
  2.560400   
  1.607900   
  2.516800   
  1.527200   
  2.250400   
  1.028400   
  1.666000   
  0.301900   
  0.884700   
 -0.402000   
  0.443900   
 -0.986400   
 -0.096800   
 -1.473900   
 -0.652200   
 -1.603100   
 -0.655400   
 -1.494900   
 -0.300300   
 -1.118800   
  0.151800   
 -0.805600   
  0.385800   
 -0.586000   
  0.548900   
 -0.308300   
  0.729700   
  0.071000   
  1.302800   
  0.568200   
  1.937300   
  0.881400   
  2.161700   
  1.039600   
  2.029300   
  0.887900   
  1.850100   
  0.765200   
  1.506200   
  0.284100   
  1.076800   
 -0.245400   
  0.584400   
 -0.636000   
  0.277600   
 -1.092900   
 -0.268000   
 -1.722500   
 -0.954100   
 -1.580500   
 -0.440700   
 -1.298000   
 -0.279200   
 -1.346400   
  0.012900   
 -0.755500   
  0.482700   
 -0.350400   
  1.002600   
  0.264700   
  1.645100   
  0.878200   
  2.240700   
  1.235000   
  2.671800   
  1.593400   
  2.831600   
  1.777400   
  2.923600   
  1.766200   
  3.025300   
  1.922700   
  2.625000   
  1.280200   
  2.168100   
  0.849100   
  1.661200   
  0.114600   
  1.018700   
 -0.321300   
  0.547300   
 -0.670000   
  0.224400   
 -1.239800   
 -0.287300   
 -1.446500   
 -0.213100   
 -1.364200   
  0.059800   
 -1.054200   
  0.419700   
 -0.716800   
  0.718400   
 -0.163000   
  1.281800   
  0.369700   
  2.114800   
  0.976700   
  2.310200   
  0.918500   
  2.189100   
  0.804000   
  1.943700   
  0.427800   
  1.396400   
 -0.211500   
  0.687800   
 -0.565100   
  0.385900   
 -1.212400   
 -0.096900   
 -1.683800   
 -0.384200   
 -1.817800   
 -0.335800   
 -1.443200   
 -0.129200   
 -1.249500   
  0.263200   
 -0.923500   
  0.544100   
 -0.636100   
  0.703900   
 -0.619900   
  0.713500   
 -0.666700   
  0.500400   
 -0.844300   
  0.008100   
 -1.624100   
 -0.716700   
 -2.340900   
 -1.146200   
 -2.946200   
 -1.740300   
 -3.419200   
 -2.169700   
 -3.551700   
 -2.195500   
 -3.525800   
 -2.292400   
 -3.887400   
 -2.725100   
 -4.211800   
 -2.949500   
 -4.689700   
 -3.199700   
 -4.767300   
 -3.138300   
 -4.266800   
 -2.959100   
 -4.063400   
 -2.647600   
 -3.806600   
 -1.995400   
 -3.248100   
 -1.427100   
 -2.550700   
 -0.749100   
 -1.992100   
 -0.224400   
 -1.136500   
  0.529500   
 -0.715200   
  0.942800   
 -0.361600   
  1.423800   
  0.392300   
  2.055100   
  0.448800   
  1.738700   
  0.095300   
  1.486800   
 -0.229200   
  1.047700   
 -0.629600   
  0.694200   
 -0.976700   
  0.174300   
 -1.687000   
 -0.516600   
 -2.273000   
 -0.815300   
 -2.252000   
 -0.776600   
 -2.250400   
 -0.699000   
 -2.218200   
 -0.669900   
 -2.245600   
 -0.810400   
 -2.345700   
 -0.949300   
 -2.594200   
 -1.356100   
 -3.007600   
 -1.551400   
 -3.320800   
 -1.948500   
 -3.551600   
 -1.958200   
 -3.482200   
 -1.698400   
 -3.206100   
 -1.356100   
 -2.733100   
 -0.763600   
 -2.016400   
  0.095300   
 -1.154300   
  0.732900   
 -0.456800   
  1.624000   
  0.641000   
  2.573300   
  1.083200   
  2.779900   
  1.073600   
  2.444100   
  0.836300   
  2.095400   
  0.364900   
  1.658000   
 -0.253500   
  0.963800   
 -0.766900   
  0.655500   
 -1.141400   
  0.071100   
 -1.667700   
 -0.366400   
 -1.893700   
 -0.487500   
 -2.009900   
 -0.540800   
 -2.258600   
 -0.755500   
 -2.337600   
 -0.364800   
 -1.646700   
  0.004900   
 -1.328700   
  0.524700   
 -0.870200   
  1.044500   
 -0.027400   
  2.153600   
  1.280200   
  3.309400   
  1.695100   
  3.509700   
  1.937200   
  3.839000   
  2.377900   
  3.939100   
  2.321500   
  3.727500   
  1.911500   
  3.044700   
  1.215600   
  2.256900   
  0.363200   
  1.506200   
 -0.300300   
  0.716800   
 -1.354400   
 -0.376200   
 -2.713700   
 -1.244700   
 -2.880100   
 -1.457700   
 -3.182000   
 -1.677300   
 -3.427300   
 -1.645000   
 -2.951100   
 -1.099400   
 -2.360200   
 -0.442300   
 -1.675800   
  0.552200   
 -0.799200   
  1.144600   
 -0.058100   
  1.959900   
  1.239800   
  3.123800   
  1.480400   
  2.913900   
  1.104200   
  2.760600   
  1.176900   
  2.791200   
  0.868600   
  2.258500   
  0.527900   
  1.919500   
  0.121100   
  1.507800   
 -0.271300   
  1.110700   
 -0.707000   
  0.871700   
 -0.732900   
  0.673200   
 -0.997700   
  0.650600   
 -1.017100   
  0.547300   
 -0.887900   
  0.645800   
 -0.744300   
  0.910500   
 -0.476200   
  1.249500   
  0.000000   
  1.803300   
  0.198500   
  2.066400   
  0.505300   
  2.289200   
  0.657000   
  2.416800   
  0.946000   
  2.524900   
  1.165500   
  2.613700   
  1.280200   
  2.825100   
  1.354500   
  2.779900   
  1.307700   
  3.001100   
  1.310900   
  2.810600   
  1.241400   
  2.897800   
  1.343200   
  2.831600   
  1.310900   
  2.888100   
  1.380300   
  2.860600   
  1.349600   
  2.792900   
  1.191400   
  2.679900   
  1.008900   
  2.449000   
  0.818500   
  2.281100   
  0.749100   
  2.189100   
  0.463300   
  1.972800   
  0.369700   
  1.971100   
  0.250200   
  1.935700   
  0.390600   
  2.069700   
  0.527900   
  2.158400   
  0.813600   
  2.276300   
  0.745800   
  2.387700   
  0.770000   
  2.286000   
  0.587600   
  2.147100   
  0.537600   
  2.045400   
  0.264800   
  1.709600   
  0.143700   
  1.491600   
 -0.240500   
  1.118800   
 -0.569900   
  0.887900   
 -0.739400   
  0.686100   
 -0.858800   
  0.360000   
 -1.207600   
  0.206700   
 -1.509500   
 -0.071000   
 -1.533700   
 -0.019300   
 -1.420700   
  0.111400   
 -1.210800   
  0.314800   
 -0.920100   
  0.723200   
 -0.716800   
  0.721600   
 -0.431000   
  1.194600   
 -0.237300   
  1.267300   
 -0.083900   
  1.423800   
 -0.029000   
  1.228500   
 -0.111400   
  1.196300   
 -0.327800   
  0.894400   
 -0.729700   
  0.747500   
 -0.799100   
  0.624700   
 -1.115500   
  0.356800   
 -1.167200   
  0.124300   
 -1.236600   
  0.066200   
 -1.202800   
  0.293900   
 -0.955700   
  0.510100   
 -0.942800   
  0.720000   
 -0.716800   
  0.652200   
 -0.623100   
  0.682900   
 -0.484300   
  0.815200   
 -0.615100   
  0.684500   
 -0.661900   
  0.629700   
 -0.955800   
  0.382600   
 -1.073500   
  0.114600   
 -1.259200   
  0.043600   
 -1.205900   
  0.190400   
 -1.047700   
  0.306800   
 -1.080100   
  0.500500   
 -0.866900   
  0.487500   
 -0.918600   
  0.435900   
 -1.041200   
  0.429400   
 -1.039700   
  0.279300   
 -1.018700   
  0.101700   
 -1.236600   
 -0.017700   
 -1.319000   
 -0.080700   
 -1.436800   
 -0.182400   
 -1.669300   
 -0.245300   
 -1.717700   
 -0.398800   
 -1.693400   
 -0.355200   
 -1.515900   
 -0.221200   
 -1.417400   
  0.012900   
 -1.155900   
  0.174400   
 -1.070300   
  0.377700   
 -0.912100   
  0.300300   
 -0.783000   
  0.361600   
 -0.720000   
  0.752300   
 -0.497200   
  0.812000   
 -0.272800   
  0.947600   
 -0.134000   
  1.160800   
 -0.280900   
  1.062200   
 -0.358400   
  0.808800   
 -0.494000   
  0.529500   
 -0.632800   
  0.460100   
 -0.839500   
  0.174400   
 -1.209200   
  0.053300   
 -1.288300   
  0.100100   
 -1.130000   
  0.092000   
 -1.057400   
  0.134000   
 -0.884700   
  0.345500   
 -0.842700   
  0.484300   
 -0.702300   
  0.589300   
 -0.640900   
  0.761900   
 -0.309900   
  1.086500   
  0.114600   
  1.359300   
  0.573100   
  1.687000   
  0.678000   
  1.829100   
  0.678000   
  1.871100   
  0.631200   
  1.598200   
  0.402000   
  1.346400   
  0.134000   
  1.160700   
 -0.101700   
  1.034800   
 -0.285700   
  0.837900   
 -0.431100   
  0.762000   
 -0.529500   
  0.526300   
 -0.398800   
  0.461700   
 -0.632800   
  0.164700   
 -1.060700   
 -0.161400   
 -1.561100   
 -0.565000   
 -1.777500   
 -0.820100   
 -1.932400   
 -0.958900   
 -1.858100   
 -1.017100   
 -1.948500   
 -0.862100   
 -1.777400   
 -0.594100   
 -1.449700   
 -0.221200   
 -1.107400   
  0.025800   
 -0.878200   
  0.148500   
 -0.595700   
  0.443900   
 -0.489100   
  0.626300   
 -0.397100   
  0.950900   
